1	0	0	0
2	0	0	0
3	0	0	0
4	0	0	0
5	0	0	0
6	0	0	0
7	0	0	0
8	0	0	0
9	0	0	0
10	0	0	0
11	0	0	0
12	0	0	0
13	0	0	0
14	0	0	0
15	0	0	0
16	0	0	0
17	0	0	0
18	0	0	0
19	0	0	0
20	0	0	0
21	0	0	0
22	0	0	0
23	0	0	0
24	0	0	0
25	0	0	0
26	0	0	0
27	0	0	0
28	0	0	0
29	0	0	0
30	0	0	0
31	0	0	0
32	0	0	0
33	0	0	0
34	0	0	0
35	0	0	0
36	0	0	0
37	0	0	0
38	0	0	0
39	0	0	0
40	0	0	0
41	0.831	0.277	0.831
42	0.734	0.245	0
43	0.691	0.23	0
44	0.876	0.292	0
45	0.912	0.304	0
46	0.692	0.231	0
47	0.792	0.264	0
48	1.512	0.504	0
49	1.25	0.417	0
50	0.822	0.274	0
51	0.843	0.281	0
52	0.884	0.295	0
53	0	0	0
54	0	0	0
55	0	0	0
56	0	0	0
57	0	0	0
58	0	0	0
59	1.038	0.346	1.038
60	2.373	0.791	0
61	1.51	0.503	0
62	1.617	0.539	0
63	1.894	0.631	0
64	1.321	0.44	0
65	2.586	0.862	0
66	1.267	0.422	0
67	1.275	0.425	0
68	1.95	0.65	0
69	0	0	0
70	0	0	0
71	0	0	0
72	0	0	0
73	0	0	0
74	2.034	0.678	2.034
75	1.349	0.45	0
76	1.679	0.56	0
77	1.324	0.441	0
78	1.377	0.459	0
79	1.808	0.603	0
80	2.042	0.681	0
81	2.015	0.672	0
82	0	0	0
83	0	0	0
84	0	0	0
85	0	0	0
86	0	0	0
87	1.387	0.462	1.387
88	1.363	0.454	0
89	1.301	0.434	0
90	1.339	0.446	0
91	1.376	0.459	0
92	1.206	0.402	0
93	1.384	0.461	0
94	2.939	0.98	0
95	0	0	0
96	0	0	0
97	0	0	0
98	0	0	0
99	0	0	0
100	0.983	0.328	0.983
101	2.582	0.861	0
102	2.168	0.723	0
103	1.496	0.499	0
104	1.57	0.523	0
105	2.161	0.72	0
106	2.857	0.952	0
107	0.692	0.231	0
108	0	0	0
109	0	0	0
110	0	0	0
111	0	0	0
112	0	0	0
113	0	0	0
114	0	0	0
115	1.561	0.52	1.561
116	0.846	0.282	0
117	0.795	0.265	0
118	2.373	0.791	0
119	2.066	0.689	0
120	0.756	0.252	0
121	0.7	0.233	0
122	0.69	0.23	0
123	0.983	0.328	0
124	0.797	0.266	0
125	1.345	0.448	0
126	1.126	0.375	0
127	0	0	0
128	0	0	0
129	0	0	0
130	0	0	0
131	0	0	0
132	0	0	0
133	0	0	0
134	1.55	0.517	1.55
135	0.733	0.244	0
136	0.897	0.299	0
137	0.71	0.237	0
138	0.895	0.298	0
139	0.726	0.242	0
140	0.646	0.215	0
141	0.777	0.259	0
142	0.845	0.282	0
143	0.803	0.268	0
144	0.952	0.317	0
145	0.727	0.242	0
146	0	0	0
147	0	0	0
148	0	0	0
149	0	0	0
150	0	0	0
151	0	0	0
152	0	0	0
153	0.673	0.224	0.673
154	1.106	0.369	0
155	1.4	0.467	0
156	1.523	0.508	0
157	2.151	0.717	0
158	0.777	0.259	0
159	0.723	0.241	0
160	0.648	0.216	0
161	0.698	0.233	0
162	0.74	0.247	0
163	0.892	0.297	0
164	0.746	0.249	0
165	0	0	0
166	0	0	0
167	0	0	0
168	0	0	0
169	0	0	0
170	0	0	0
171	0	0	0
172	1.269	0.423	1.269
173	0.89	0.297	0
174	1.491	0.497	0
175	1.448	0.483	0
176	0.828	0.276	0
177	0.655	0.218	0
178	0.637	0.212	0
179	0.842	0.281	0
180	1.145	0.382	0
181	0.817	0.272	0
182	0.928	0.309	0
183	1.193	0.398	0
184	0	0	0
185	0	0	0
186	0	0	0
187	0	0	0
188	0	0	0
189	0.777	0.259	0.777
190	1.355	0.452	0
191	0.936	0.312	0
192	1.222	0.407	0
193	1.83	0.61	0
194	2.224	0.741	0
195	2.01	0.67	0
196	2.062	0.687	0
197	0	0	0
198	0	0	0
199	0	0	0
200	0	0	0
201	0	0	0
202	2.19	0.73	2.19
203	1.546	0.515	0
204	1.869	0.623	0
205	1.836	0.612	0
206	2.157	0.719	0
207	3.989	1.33	0
208	1.725	0.575	0
209	2.909	0.97	0
210	0	0	0
211	0	0	0
212	0	0	0
213	0	0	0
214	1.315	0.438	1.315
215	2.352	0.784	0
216	2.155	0.718	0
217	1.447	0.482	0
218	2.026	0.675	0
219	4.134	1.378	0
220	0	0	0
221	0	0	0
222	0	0	0
223	0	0	0
224	0	0	0
225	3.099	1.033	3.099
226	2.273	0.758	0
227	1.443	0.481	0
228	2.951	0.984	0
229	3.967	1.322	0
230	1.409	0.47	0
231	2.062	0.687	0
232	3.031	1.01	0
233	0	0	0
234	0	0	0
235	0	0	0
236	0	0	0
237	0	0	0
238	2.664	0.888	2.664
239	1.466	0.489	0
240	2.223	0.741	0
241	2.079	0.693	0
242	1.315	0.438	0
243	2.177	0.726	0
244	2.777	0.926	0
245	1.486	0.495	0
246	0	0	0
247	0	0	0
248	0	0	0
249	0	0	0
250	0	0	0
251	0	0	0
252	0	0	0
253	1.411	0.47	1.411
254	1.386	0.462	0
255	1.289	0.43	0
256	1.287	0.429	0
257	1.98	0.66	0
258	3.423	1.141	0
259	2.317	0.772	0
260	3.367	1.122	0
261	2.302	0.767	0
262	1.767	0.589	0
263	1.389	0.463	0
264	2.039	0.68	0
265	0	0	0
266	0	0	0
267	0	0	0
268	0	0	0
269	0	0	0
270	3.28	1.093	3.28
271	1.386	0.462	0
272	1.575	0.525	0
273	2.089	0.696	0
274	3.388	1.129	0
275	2.01	0.67	0
276	2.254	0.751	0
277	3.06	1.02	0
278	0	0	0
279	0	0	0
280	0	0	0
281	0	0	0
282	0	0	0
283	2.319	0.773	2.319
284	1.28	0.427	0
285	1.786	0.595	0
286	1.815	0.605	0
287	1.378	0.459	0
288	2.419	0.806	0
289	2.786	0.929	0
290	1.83	0.61	0
291	0	0	0
292	0	0	0
293	0	0	0
294	0	0	0
295	0	0	0
296	1.586	0.529	1.586
297	2.301	0.767	0
298	2.391	0.797	0
299	2.272	0.757	0
300	2.189	0.73	0
301	2.541	0.847	0
302	2.664	0.888	0
303	2.231	0.744	0
304	0	0	0
305	0	0	0
306	0	0	0
307	0	0	0
308	0	0	0
309	0	0	0
310	1.753	0.584	1.753
311	2.32	0.773	0
312	2.793	0.931	0
313	2.536	0.845	0
314	3.724	1.241	0
315	1.331	0.444	0
316	1.379	0.46	0
317	1.401	0.467	0
318	4.182	1.394	0
319	1.389	0.463	0
320	0	0	0
321	0	0	0
322	0	0	0
323	0	0	0
324	0	0	0
325	0	0	0
326	1.97	0.657	1.97
327	2.206	0.735	0
328	1.269	0.423	0
329	1.243	0.414	0
330	2.621	0.874	0
331	1.432	0.477	0
332	2.155	0.718	0
333	2.733	0.911	0
334	3.823	1.274	0
335	1.511	0.504	0
336	0	0	0
337	0	0	0
338	0	0	0
339	0	0	0
340	0	0	0
341	0	0	0
342	2.559	0.853	2.559
343	1.754	0.585	0
344	1.742	0.581	0
345	1.84	0.613	0
346	2.172	0.724	0
347	3.109	1.036	0
348	1.279	0.426	0
349	1.563	0.521	0
350	2.528	0.843	0
351	2.072	0.691	0
352	0	0	0
353	0	0	0
354	0	0	0
355	0	0	0
356	0	0	0
357	0	0	0
358	2.523	0.841	2.523
359	1.693	0.564	0
360	3.222	1.074	0
361	2.881	0.96	0
362	1.79	0.597	0
363	1.822	0.607	0
364	2.363	0.788	0
365	1.876	0.625	0
366	2.774	0.925	0
367	1.932	0.644	0
368	0	0	0
369	0	0	0
370	0	0	0
371	0	0	0
372	0	0	0
373	0	0	0
374	2.815	0.938	2.815
375	3.999	1.333	0
376	8.499	2.833	0
377	4.579	1.526	0
378	4.416	1.472	0
379	7.016	2.339	0
380	5.175	1.725	0
381	1.815	0.605	0
382	1.859	0.62	0
383	1.897	0.632	0
384	0	0	0
385	0	0	0
386	0	0	0
387	0	0	0
388	0	0	0
389	0	0	0
390	2.638	0.879	2.638
391	7.227	2.409	0
392	1.685	0.562	0
393	4.78	1.593	0
394	4.217	1.406	0
395	3.287	1.096	0
396	4.081	1.36	0
397	4.414	1.471	0
398	2.545	0.848	0
399	3.392	1.131	0
400	0	0	0
401	0	0	0
402	0	0	0
403	0	0	0
404	0	0	0
405	0	0	0
406	0	0	0
407	2.171	0.724	2.171
408	2.163	0.721	0
409	1.374	0.458	0
410	1.223	0.408	0
411	1.108	0.369	0
412	1.323	0.441	0
413	1.024	0.341	0
414	1.131	0.377	0
415	0.74	0.247	0
416	0.897	0.299	0
417	1.671	0.557	0
418	1.221	0.407	0
419	0	0	0
420	0	0	0
421	0	0	0
422	0	0	0
423	0	0	0
424	0	0	0
425	0	0	0
426	0.977	0.326	0.977
427	1.074	0.358	0
428	1.027	0.342	0
429	0.867	0.289	0
430	1.305	0.435	0
431	1.521	0.507	0
432	1.79	0.597	0
433	1.269	0.423	0
434	0.857	0.286	0
435	1.616	0.539	0
436	0.905	0.302	0
437	0.947	0.316	0
438	0	0	0
439	0	0	0
440	0	0	0
441	0	0	0
442	0	0	0
443	0	0	0
444	0	0	0
445	1.499	0.5	1.499
446	0.981	0.327	0
447	1.631	0.544	0
448	1.703	0.568	0
449	1.449	0.483	0
450	1.017	0.339	0
451	1.486	0.495	0
452	1.247	0.416	0
453	0.935	0.312	0
454	1.052	0.351	0
455	1.586	0.529	0
456	1.422	0.474	0
457	0	0	0
458	0	0	0
459	0	0	0
460	0	0	0
461	0	0	0
462	0	0	0
463	0	0	0
464	1.346	0.449	1.346
465	1.431	0.477	0
466	1.52	0.507	0
467	1.6	0.533	0
468	1.196	0.399	0
469	1.232	0.411	0
470	2.548	0.849	0
471	1.55	0.517	0
472	1.442	0.481	0
473	1.302	0.434	0
474	1.209	0.403	0
475	1.234	0.411	0
476	0	0	0
477	0	0	0
478	0	0	0
479	0	0	0
480	0	0	0
481	0	0	0
482	0	0	0
483	1.239	0.413	1.239
484	2.321	0.774	0
485	1.204	0.401	0
486	2.012	0.671	0
487	1.472	0.491	0
488	1.206	0.402	0
489	1.225	0.408	0
490	1.418	0.473	0
491	1.891	0.63	0
492	1.247	0.416	0
493	1.284	0.428	0
494	1.191	0.397	0
495	0	0	0
496	0	0	0
497	0	0	0
498	0	0	0
499	0	0	0
500	0	0	0
501	0	0	0
502	1.222	0.407	1.222
503	1.245	0.415	0
504	1.411	0.47	0
505	1.392	0.464	0
506	1.221	0.407	0
507	1.284	0.428	0
508	1.259	0.42	0
509	1.657	0.552	0
510	1.22	0.407	0
511	1.279	0.426	0
512	1.718	0.573	0
513	1.36	0.453	0
514	0	0	0
515	0	0	0
516	0	0	0
517	0	0	0
518	0	0	0
519	0	0	0
520	0	0	0
521	1.318	0.439	1.318
522	1.601	0.534	0
523	1.701	0.567	0
524	1.696	0.565	0
525	1.264	0.421	0
526	1.275	0.425	0
527	1.264	0.421	0
528	1.993	0.664	0
529	1.48	0.493	0
530	1.671	0.557	0
531	1.365	0.455	0
532	1.452	0.484	0
533	0	0	0
534	0	0	0
535	0	0	0
536	0	0	0
537	0	0	0
538	0	0	0
539	0	0	0
540	1.514	0.505	1.514
541	1.792	0.597	0
542	3.034	1.011	0
543	1.404	0.468	0
544	1.529	0.51	0
545	1.311	0.437	0
546	1.406	0.469	0
547	1.707	0.569	0
548	1.462	0.487	0
549	2.721	0.907	0
550	1.32	0.44	0
551	1.703	0.568	0
552	0	0	0
553	0	0	0
554	0	0	0
555	0	0	0
556	0	0	0
557	1.676	0.559	1.676
558	2.95	0.983	0
559	1.485	0.495	0
560	1.411	0.47	0
561	1.621	0.54	0
562	2.068	0.689	0
563	1.711	0.57	0
564	1.7	0.567	0
565	0	0	0
566	0	0	0
567	0	0	0
568	0	0	0
569	0	0	0
570	1.331	0.444	1.331
571	1.375	0.458	0
572	1.326	0.442	0
573	1.372	0.457	0
574	1.77	0.59	0
575	1.796	0.599	0
576	1.9	0.633	0
577	4.047	1.349	0
578	0	0	0
579	0	0	0
580	0	0	0
581	0	0	0
582	0	0	0
583	1.501	0.5	1.501
584	1.606	0.535	0
585	1.364	0.455	0
586	2.599	0.866	0
587	1.827	0.609	0
588	1.485	0.495	0
589	1.336	0.445	0
590	2.216	0.739	0
591	0	0	0
592	0	0	0
593	0	0	0
594	0	0	0
595	0	0	0
596	0	0	0
597	0	0	0
598	1.54	0.513	1.54
599	2.084	0.695	0
600	1.923	0.641	0
601	1.973	0.658	0
602	2.553	0.851	0
603	1.5	0.5	0
604	3.177	1.059	0
605	1.904	0.635	0
606	1.458	0.486	0
607	1.355	0.452	0
608	2.009	0.67	0
609	0.879	0.293	0
610	0	0	0
611	0	0	0
612	0	0	0
613	0	0	0
614	0	0	0
615	0	0	0
616	0	0	0
617	0.734	0.245	0.734
618	0.691	0.23	0
619	0.876	0.292	0
620	0.912	0.304	0
621	0.692	0.231	0
622	0.792	0.264	0
623	1.512	0.504	0
624	1.25	0.417	0
625	0.822	0.274	0
626	0.843	0.281	0
627	0.884	0.295	0
628	1.038	0.346	0
629	0	0	0
630	0	0	0
631	0	0	0
632	0	0	0
633	0	0	0
634	0	0	0
635	0	0	0
636	2.373	0.791	2.373
637	1.51	0.503	0
638	1.617	0.539	0
639	1.894	0.631	0
640	1.321	0.44	0
641	2.586	0.862	0
642	1.267	0.422	0
643	1.275	0.425	0
644	1.95	0.65	0
645	2.034	0.678	0
646	1.349	0.45	0
647	1.679	0.56	0
648	0	0	0
649	0	0	0
650	0	0	0
651	0	0	0
652	0	0	0
653	0	0	0
654	1.324	0.441	1.324
655	1.377	0.459	0
656	1.808	0.603	0
657	2.042	0.681	0
658	2.015	0.672	0
659	1.387	0.462	0
660	1.363	0.454	0
661	1.301	0.434	0
662	1.339	0.446	0
663	1.376	0.459	0
664	0	0	0
665	0	0	0
666	0	0	0
667	0	0	0
668	0	0	0
669	0	0	0
670	1.206	0.402	1.206
671	1.384	0.461	0
672	2.939	0.98	0
673	0.983	0.328	0
674	2.582	0.861	0
675	2.168	0.723	0
676	1.496	0.499	0
677	1.57	0.523	0
678	2.161	0.72	0
679	2.857	0.952	0
680	0	0	0
681	0	0	0
682	0	0	0
683	0	0	0
684	0	0	0
685	0	0	0
686	0	0	0
687	0.692	0.231	0.692
688	1.561	0.52	0
689	0.846	0.282	0
690	0.795	0.265	0
691	2.373	0.791	0
692	2.066	0.689	0
693	0.756	0.252	0
694	0.7	0.233	0
695	0.69	0.23	0
696	0.983	0.328	0
697	0.797	0.266	0
698	1.345	0.448	0
699	0	0	0
700	0	0	0
701	0	0	0
702	0	0	0
703	0	0	0
704	0	0	0
705	0	0	0
706	1.126	0.375	1.126
707	1.55	0.517	0
708	0.733	0.244	0
709	0.897	0.299	0
710	0.71	0.237	0
711	0.895	0.298	0
712	0.726	0.242	0
713	0.646	0.215	0
714	0.777	0.259	0
715	0.845	0.282	0
716	0.803	0.268	0
717	0.952	0.317	0
718	0	0	0
719	0	0	0
720	0	0	0
721	0	0	0
722	0	0	0
723	0.727	0.242	0.727
724	0.673	0.224	0
725	1.106	0.369	0
726	1.4	0.467	0
727	1.523	0.508	0
728	2.151	0.717	0
729	0.777	0.259	0
730	0.723	0.241	0
