1	2	0.001	0.001
2	3	0.00672	0.1551
3	4	5e-02	0.001
4	5	1e-02	1e-02
5	6	0.003058	0.007156
6	7	0.001	0.001
7	8	0.003083	0.007214
8	9	0.003973	0.009298
9	10	0.0109	0.02551
10	11	0.01683	0.03938
11	12	0.01929	0.04514
12	13	0.006949	0.01626
13	14	0.01661	0.03887
14	15	0.001	0.001
15	16	0.007099	0.01661
16	17	0.003349	0.007836
17	18	0.001	0.001
18	19	0.008763	0.0205
19	20	0.0169	0.00943
20	21	0.2762	0.1542
21	22	0.5204	0.2904
22	23	0.1413	0.07884
23	24	0.1206	0.06733
24	25	0.08369	0.04671
25	26	0.1568	0.08753
26	27	0.8725	0.4869
27	28	0.09543	0.05325
28	29	0.1034	0.08258
29	30	0.2819	0.2252
30	31	0.0827	0.06605
31	32	0.1362	0.1088
32	33	0.2866	0.1573
33	34	0.1353	0.07425
34	35	1.026	0.5654
35	36	0.1732	0.09545
36	37	0.05533	0.03049
37	38	0.07368	0.05885
38	39	0.09075	0.07248
39	40	0.08275	0.06609
38	41	0.008683	0.006935
41	42	0.07545	0.06026
42	43	0.09377	0.07489
43	44	0.06959	0.05558
44	45	0.1051	0.08392
45	46	0.09817	0.07841
46	47	0.252	0.1406
47	48	0.2119	0.1183
46	49	0.6109	0.3366
49	50	0.1017	0.05604
50	51	0.1852	0.1033
51	52	0.3888	0.217
52	53	0.1657	0.09245
52	54	0.2046	0.1142
54	55	0.09198	0.05133
55	56	0.113	0.06308
56	57	0.06693	0.05346
57	58	0.1214	0.09697
58	59	0.08646	0.06906
37	60	0.1387	0.1108
60	61	0.06109	0.04879
61	62	0.2478	0.1979
35	63	0.1446	0.0807
63	64	0.1105	0.06166
64	65	0.1176	0.06562
30	66	0.04509	0.03601
66	67	0.09956	0.07952
67	68	0.09074	0.07247
68	69	0.2856	0.2281
27	70	0.1729	0.09611
19	71	0.01187	0.02777
71	72	0.01048	0.02452
72	73	0.008694	0.02034
73	74	0.009303	0.02177
74	75	0.01687	0.03948
75	76	0.01957	0.04579
76	77	0.01314	0.03074
77	78	0.01057	0.02474
78	79	0.006637	0.01553
79	80	0.007891	0.01846
80	81	0.04051	0.0948
81	82	0.04841	0.1133
82	83	0.006479	0.01516
83	84	0.01654	0.0387
84	85	0.006515	0.01524
85	86	0.001471	0.003442
86	87	0.01065	0.02491
87	88	0.005439	0.01273
88	89	0.01095	0.00875
89	90	0.09403	0.0751
88	91	0.01524	0.03566
91	92	0.008334	0.0195
92	93	0.001	0.001
93	94	0.001624	0.003799
94	95	0.005313	0.01243
95	96	0.000826	0.001932
96	97	0.01066	0.02496
97	98	0.007174	0.004004
98	99	0.1108	0.06183
97	100	0.00654	0.0153
100	101	0.01047	0.00584
101	102	0.02086	0.01164
102	103	0.1498	0.08362
103	104	0.09071	0.05062
100	105	0.004899	0.01146
105	106	0.001	0.001
106	107	0.001	0.001
107	108	0.000828	0.001937
108	109	0.006255	0.01464
109	110	0.01533	0.03586
110	111	0.00808	0.01891
111	112	0.0174	0.04072
112	113	0.0145	0.03392
113	114	0.001	0.001
114	115	0.009821	0.02298
115	116	0.01149	0.02688
116	117	0.01056	0.0247
117	118	0.02055	0.04809
118	119	4.8e-03	0.00112
119	120	0.009576	0.02241
120	121	0.008423	0.01971
121	122	0.002518	0.000811
122	123	0.0123	0.02878
123	124	0.0118	0.02761
124	125	0.104	0.03352
125	126	0.04305	0.01387
126	127	0.2152	0.06933
127	128	0.04052	0.02261
128	129	0.04744	0.02647
129	130	0.05653	0.03155
130	131	0.1333	0.07438
131	132	0.1499	0.08367
130	133	0.05785	0.0462
127	134	0.2273	0.07324
134	135	0.464	0.1495
135	136	0.02094	0.01673
136	137	0.103	0.08229
137	138	0.02995	0.02392
138	139	0.0776	0.06198
139	140	0.07638	0.06101
140	141	0.1047	0.08359
141	142	0.1047	0.08363
142	143	0.1131	0.09033
143	144	0.08915	0.07121
144	145	0.1128	0.09007
145	146	0.2578	0.2059
127	147	0.02038	0.01628
124	148	0.01466	0.0343
148	149	0.01403	0.03283
149	150	0.00461	0.01079
150	151	0.009974	0.02334
151	152	0.0133	0.03113
152	153	0.008034	0.0188
153	154	0.01176	0.009775
154	155	0.01114	0.009254
155	156	0.08601	0.07147
156	157	0.002671	0.002219
157	158	0.1808	0.1444
153	159	0.006294	0.01473
159	160	0.01431	0.03349
160	161	0.00661	0.01547
161	162	0.01017	0.02379
162	163	0.02508	0.05867
163	164	0.001	0.001
164	165	0.01405	0.03287
165	166	0.01068	0.008528
166	167	0.02409	0.01924
167	168	0.01646	0.01314
168	169	0.08269	0.06604
167	170	0.02139	0.01708
170	171	0.01744	0.01393
165	172	0.01194	0.02794
172	173	0.0066	0.01544
173	174	0.0149	0.03487
174	175	0.01525	0.008513
175	176	0.02523	0.01408
176	177	0.01404	0.007836
177	178	0.1255	0.07003
178	179	0.1091	0.05988
179	180	0.09282	0.0518
180	181	0.02387	0.01906
180	182	0.04091	0.03267
182	183	0.244	0.1362
183	184	0.1654	0.09229
184	185	0.06562	0.03662
183	186	0.2771	0.1547
186	187	0.3359	0.1874
187	188	0.144	0.08038
188	189	0.1295	0.07229
189	190	0.1033	0.05766
187	191	0.02221	0.01239
187	192	0.1172	0.0654
192	193	0.2083	0.1162
193	194	0.1429	0.07943
194	195	0.3286	0.1827
195	196	0.2135	0.1187
196	197	0.1222	0.06817
197	198	0.003752	0.002996
198	199	0.1158	0.09246
199	200	0.1079	0.08618
197	201	0.09774	0.05454
201	202	0.07253	0.05793
196	203	0.1708	0.09495
203	204	0.3013	0.1682
204	205	0.1906	0.1064
205	206	0.1719	0.09592
206	207	0.1404	0.07834
207	208	0.152	0.0848
204	209	0.4321	0.2411
209	210	0.2562	0.143
210	211	0.1247	0.06958
211	212	0.267	0.149
212	213	0.1178	0.06575
212	214	0.07899	0.06309
209	215	0.07206	0.04021
215	216	0.2913	0.1626
216	217	0.2852	0.1585
217	218	0.1512	0.08408
218	219	0.09943	0.05458
219	220	0.05235	0.02874
220	221	0.001	0.001
221	222	0.08047	0.04417
222	223	0.2307	0.1287
223	224	0.3262	0.182
222	225	0.2187	0.1201
225	226	0.7271	0.3991
226	227	0.1084	0.05948
227	228	0.1297	0.07117
228	229	0.1903	0.1045
226	230	0.08499	0.06788
218	231	0.04959	0.02757
231	232	0.1779	0.09892
232	233	0.007211	0.004024
233	234	0.211	0.1177
234	235	0.1133	0.06217
235	236	0.1909	0.1061
236	237	0.3347	0.1845
237	238	0.1328	0.07318
238	239	0.0677	0.03778
239	240	0.1067	0.05957
240	241	0.03796	0.02119
241	242	0.009908	0.005529
240	243	0.1056	0.05894
218	244	0.1374	0.07541
216	245	0.1311	0.07317
216	246	0.05315	0.04245
209	247	0.2123	0.1185
204	248	0.181	0.101
196	249	0.1337	0.07461
195	250	0.03686	0.02944
250	251	0.1019	0.08135
192	252	0.06072	0.03007
252	253	0.1129	0.06199
253	254	0.2581	0.144
254	255	0.1309	0.07303
255	256	0.3982	0.2222
256	257	0.09207	0.05138
255	258	0.07781	0.06215
258	259	0.06831	0.05456
259	260	0.04345	0.0347
260	261	0.1028	0.08208
261	262	0.09801	0.07828
262	263	0.1035	0.08266
263	264	0.07793	0.06224
263	265	0.06998	0.0559
187	266	0.1715	0.0957
183	267	0.003402	0.001899
267	268	0.15	0.08373
268	269	0.2556	0.1426
180	270	0.3496	0.1951
270	271	0.3259	0.1819
174	272	0.01136	0.02659
272	273	0.02769	0.02212
272	274	0.01398	0.03271
274	275	0.01458	0.03412
275	276	0.01802	0.01005
276	277	0.01138	0.006352
277	278	0.1191	0.06645
278	279	0.1942	0.1066
279	280	0.1811	0.09938
275	281	0.006179	0.01446
281	282	0.1257	0.04051
282	283	0.1236	0.03982
283	284	0.1291	0.0416
284	285	0.1568	0.05053
285	286	0.1816	0.0585
286	287	0.1095	0.03527
287	288	0.1311	0.04224
288	289	0.06041	0.01946
289	290	0.007858	0.002532
290	291	0.1223	0.03939
291	292	0.1041	0.03353
292	293	0.1352	0.04357
293	294	0.02886	0.02305
294	295	0.002909	0.002323
295	296	0.01174	0.009377
296	297	0.05868	0.04686
297	298	0.1882	0.105
298	299	0.1953	0.1086
299	300	0.2084	0.1163
300	301	0.07664	0.03864
300	302	0.2637	0.1472
302	303	0.1077	0.06012
293	304	0.07337	0.03703
304	305	0.03563	0.01798
304	306	0.07336	0.03703
293	307	0.1594	0.08893
293	308	0.2118	0.06824
308	309	0.007747	0.006187
309	310	0.0111	0.008861
310	311	0.01001	0.007996
311	312	0.05995	0.04788
312	313	0.1106	0.08833
308	314	0.1704	0.05492
314	315	0.1662	0.05357
315	316	0.05897	0.019
316	317	0.08457	0.04719
316	318	0.1477	0.04758
318	319	0.1318	0.04248
319	320	0.001	0.001
320	321	0.007088	0.002284
321	322	5e-03	0.001
322	323	0.008974	0.002891
323	324	0.08932	0.02878
324	325	0.1216	0.03919
325	326	0.07597	0.04224
325	327	0.2493	0.08033
327	328	0.1411	0.04546
328	329	0.1063	0.05833
329	330	0.03777	0.02073
330	331	0.03528	0.01937
331	332	0.05773	0.03169
332	333	0.03961	0.02174
333	334	0.03518	0.0281
334	335	0.01204	0.00962
335	336	0.05571	0.04449
336	337	0.03598	0.02874
337	338	0.05971	0.04769
338	339	0.08017	0.06403
339	340	0.08056	0.06434
333	341	0.1243	0.06823
341	342	0.0768	0.04215
342	343	0.103	0.05652
343	344	0.1986	0.109
344	345	0.1022	0.05608
345	346	0.06079	0.03393
346	347	0.03924	0.0219
346	348	0.2371	0.1323
348	349	0.1617	0.09024
349	350	0.148	0.08259
350	351	0.1923	0.1073
351	352	0.2547	0.1421
352	353	0.1459	0.0814
349	354	0.006813	0.003802
354	355	0.1567	0.08743
355	356	0.133	0.07421
356	357	0.05209	0.02626
357	358	0.2003	0.1118
358	359	0.1512	0.08435
358	360	0.005874	0.003278
360	361	0.1691	0.09434
361	362	0.1289	0.07168
362	363	0.09108	0.07274
357	364	0.2009	0.1107
364	365	0.01706	0.009401
365	366	0.1629	0.0898
366	367	0.1392	0.07669
364	368	0.01361	0.007472
368	369	0.001	0.001
369	370	0.00752	0.004128
370	371	0.01997	0.01096
371	372	0.04346	0.02386
372	373	0.1631	0.1303
370	374	0.07231	0.05776
348	375	0.06854	0.03825
375	376	0.09987	0.05573
376	377	0.09406	0.07513
346	378	0.1858	0.1033
343	379	0.03537	0.01974
379	380	0.03499	0.01953
380	381	0.2419	0.135
381	382	0.158	0.1262
343	383	0.1518	0.08471
341	384	0.04269	0.03409
384	385	0.07965	0.06362
328	386	0.007756	0.004328
386	387	0.01073	0.005986
387	388	0.1727	0.09637
388	389	0.09757	0.05445
388	390	0.1236	0.0687
390	391	0.1442	0.08015
391	392	0.1672	0.09295
392	393	0.06579	0.03657
393	394	0.07248	0.04029
394	395	0.2839	0.1584
395	396	0.1464	0.08173
396	397	0.09904	0.05436
397	398	0.09998	0.05488
398	399	0.06095	0.03401
398	400	0.09999	0.0558
400	401	0.1523	0.08497
401	402	0.2811	0.1569
402	403	0.008551	0.004772
403	404	0.1037	0.05786
404	405	0.1796	0.1002
404	406	0.04609	0.02572
406	407	0.1279	0.07136
388	408	0.1524	0.08367
408	409	0.03185	0.02543
328	410	0.05887	0.01812
410	411	0.1083	0.03334
411	412	0.1421	0.07801
411	413	0.0387	0.01191
413	414	0.09571	0.02946
414	415	0.0672	0.02165
415	416	0.02308	0.007435
416	417	0.001	0.001
417	418	0.1434	0.0462
418	419	0.1131	0.03644
419	420	0.1637	0.05275
420	421	0.1415	0.0456
421	422	0.09234	0.02975
422	423	0.1927	0.06208
423	424	0.155	0.04995
424	425	0.274	0.08828
425	426	0.1846	0.05947
426	427	0.0538	0.01733
427	428	0.1159	0.03735
428	429	0.1064	0.03274
429	430	0.05838	0.01881
430	431	0.1099	0.0354
431	432	0.09768	0.03147
432	433	0.06966	0.02144
433	434	0.06465	0.0199
434	435	0.1458	0.08136
435	436	0.1096	0.08755
436	437	0.08271	0.06606
435	438	0.1085	0.06056
434	439	0.08185	0.02519
439	440	0.1082	0.0333
440	441	0.01262	0.006666
441	442	0.02321	0.01226
442	443	0.1707	0.09016
443	444	0.1694	0.09298
444	445	0.1486	0.08157
444	446	0.162	0.09041
444	447	0.03438	0.01919
440	448	0.1278	0.04117
448	449	0.05295	0.01706
449	450	0.001	0.001
450	451	0.05234	0.01686
451	452	0.01081	0.008633
452	453	0.008185	0.006537
453	454	0.04373	0.03492
454	455	0.08344	0.06664
453	456	0.1148	0.09172
456	457	0.1696	0.1355
451	458	0.01416	0.004562
458	459	0.1428	0.046
459	460	0.06718	0.02165
460	461	0.07895	0.02544
461	462	0.05762	0.03216
461	463	0.02266	0.007301
463	464	0.1555	0.05011
464	465	0.006761	0.003726
465	466	0.006404	0.003529
466	467	0.03152	0.01737
467	468	0.2009	0.1107
468	469	0.2082	0.1147
469	470	0.06544	0.03606
470	471	0.08123	0.04023
471	472	0.1429	0.07975
472	473	0.08317	0.04641
473	474	0.1189	0.06636
474	475	0.09453	0.05275
473	476	0.1261	0.07035
473	477	0.09436	0.05266
471	478	0.09962	0.05538
478	479	0.09418	0.0519
466	480	0.03737	0.02086
480	481	0.01761	0.009828
464	482	0.02339	0.007536
482	483	0.03878	0.01249
483	484	0.007048	0.002271
484	485	0.001	0.001
485	486	0.09861	0.03177
486	487	0.1992	0.06417
487	488	0.1531	0.04934
488	489	0.1113	0.03587
489	490	0.1062	0.03422
490	491	0.09691	0.03122
491	492	0.06936	0.02235
492	493	0.1157	0.03726
493	494	0.07454	0.02402
494	495	0.03098	0.009982
495	496	0.09751	0.05442
495	497	0.1366	0.04402
497	498	0.09899	0.0319
498	499	0.1295	0.04172
499	500	0.09798	0.05468
500	501	0.05517	0.03079
501	502	0.1498	0.08357
502	503	0.1617	0.09024
503	504	0.1629	0.09089
499	505	0.04563	0.0147
505	506	0.05974	0.01925
506	507	0.1108	0.03569
507	508	0.1326	0.04271
508	509	0.07855	0.02531
509	510	0.1027	0.03162
510	511	0.07964	0.02451
511	512	0.06911	0.02127
512	513	0.08506	0.02618
513	514	0.04916	0.02698
513	515	0.0556	0.01791
515	516	0.05268	0.01697
516	517	0.007921	0.00442
517	518	0.001	0.001
518	519	0.0723	0.04035
519	520	0.1754	0.09788
520	521	0.08442	0.04652
521	522	0.09311	0.05196
522	523	0.1972	0.1101
523	524	0.1099	0.06032
523	525	0.123	0.06865
525	526	0.1282	0.07153
526	527	0.122	0.0681
527	528	0.2272	0.1263
528	529	0.08971	0.04987
529	530	0.1438	0.08026
530	531	0.3657	0.2041
530	532	0.6552	0.3656
532	533	0.08983	0.04994
533	534	0.1772	0.09887
533	535	0.1586	0.08851
535	536	0.1506	0.08405
536	537	0.1952	0.1076
537	538	0.1339	0.07382
538	539	0.1294	0.07131
539	540	0.1266	0.06951
540	541	0.1345	0.07383
541	542	0.1733	0.09632
541	543	0.04543	0.02494
543	544	0.08422	0.04623
544	545	0.001	0.001
545	546	0.0996	0.05467
540	547	0.1078	0.05916
539	548	0.06427	0.0324
548	549	0.1051	0.05864
549	550	0.1096	0.06018
550	551	0.02242	0.0123
551	552	0.08339	0.04577
550	553	0.139	0.07758
538	554	0.0505	0.02818
536	555	0.06901	0.03851
555	556	0.07985	0.04383
556	557	0.4947	0.2761
557	558	0.2097	0.117
556	559	0.141	0.07738
536	560	0.05004	0.03997
533	561	0.03143	0.01754
522	562	0.07135	0.03916
519	563	0.4261	0.2378
563	564	0.06819	0.03806
564	565	0.1212	0.06766
564	566	0.09912	0.07917
519	567	0.06254	0.03447
515	568	0.1024	0.08175
513	569	0.1818	0.1015
512	570	0.1021	0.05697
511	571	0.01545	0.01234
571	572	0.0153	0.01222
572	573	0.07843	0.06264
509	574	0.01523	0.008394
574	575	0.01012	0.005579
575	576	0.01535	0.008461
576	577	0.3307	0.2641
577	578	0.06706	0.05356
576	579	0.2107	0.1161
579	580	0.1391	0.07667
580	581	0.01906	0.0148
581	582	0.06831	0.05456
580	583	0.1141	0.0629
583	584	0.1528	0.0842
584	585	0.0997	0.05494
585	586	0.2076	0.1144
585	587	0.09472	0.0522
587	588	0.1463	0.08065
588	589	0.003238	0.001784
589	590	0.1197	0.06678
589	591	0.1943	0.1066
591	592	0.1544	0.08474
592	593	0.02398	0.01316
593	594	0.07258	0.04035
594	595	0.04472	0.02486
595	596	0.105	0.05837
594	597	0.1084	0.06048
597	598	0.06342	0.03539
591	599	0.1187	0.06623
583	600	0.1047	0.05845
583	601	0.1003	0.05599
575	602	0.05956	0.04757
508	603	0.01137	0.009083
603	604	0.04403	0.03516
491	605	0.06178	0.04934
488	606	0.4727	0.2638
606	607	0.1158	0.06461
607	608	0.1298	0.07242
608	609	0.124	0.06922
609	610	0.4331	0.3459
609	611	0.1227	0.06845
608	612	0.04071	0.03251
488	613	0.006442	0.002076
613	614	0.008862	0.002855
614	615	0.01235	0.003979
615	616	0.001	0.001
616	617	0.04699	0.01514
461	618	0.1116	0.06228
618	619	0.1211	0.06758
433	620	0.04224	0.0328
620	621	0.07202	0.05752
428	622	0.04846	0.02694
622	623	0.1979	0.11
623	624	0.07112	0.04138
624	625	0.01466	0.008184
625	626	0.008296	0.00463
626	627	0.1319	0.07363
627	628	0.3909	0.2181
626	629	0.03243	0.0181
629	630	0.03049	0.01695
428	631	0.01862	0.01039
631	632	0.01568	0.00875
632	633	0.05828	0.03252
633	634	0.1001	0.05586
634	635	0.3631	0.2026
635	636	0.1066	0.05947
636	637	0.1209	0.06745
635	638	0.2075	0.1158
638	639	0.4015	0.224
639	640	0.225	0.1256
640	641	0.1553	0.08527
641	642	0.05838	0.04663
642	643	0.04835	0.03861
643	644	0.002359	0.001331
644	645	0.001643	0.000928
645	646	0.1275	0.07199
646	647	0.1336	0.0754
640	648	0.2239	0.125
648	649	0.3597	0.2007
649	650	0.1254	0.07
650	651	0.09991	0.0798
651	652	0.4454	0.3557
652	653	0.04595	0.0367
653	654	0.1053	0.08413
654	655	0.01541	0.01231
655	656	0.07397	0.05908
656	657	0.06016	0.04805
655	658	0.008269	0.006605
658	659	0.00523	0.004177
659	660	0.01212	0.009684
660	661	0.006131	0.004897
661	662	0.001	0.001
662	663	0.03421	0.02732
659	664	0.01448	0.01157
664	665	0.01072	0.008564
665	666	0.05118	0.04087
666	667	0.05167	0.04127
653	668	0.01082	0.008638
668	669	0.02317	0.0185
669	670	0.007077	0.005652
670	671	0.001	0.001
671	672	0.03421	0.02732
652	673	0.02328	0.01859
673	674	0.01879	0.01501
674	675	0.006993	0.005585
675	676	0.001	0.001
676	677	0.03421	0.02732
650	678	0.2474	0.1976
650	679	0.2005	0.1119
648	680	0.08249	0.04604
640	681	0.09222	0.05125
635	682	0.07081	0.03952
427	683	0.0813	0.04537
683	684	0.1024	0.08177
424	685	0.1047	0.05508
424	686	0.06414	0.03521
423	687	0.1803	0.1006
423	688	0.06181	0.04936
422	689	0.03514	0.01961
689	690	0.1015	0.05664
418	691	0.01881	0.0105
691	692	0.01512	0.008438
692	693	0.1401	0.07816
693	694	0.09577	0.05344
694	695	0.09151	0.07309
694	696	0.09226	0.05149
696	697	0.07934	0.04428
697	698	0.141	0.07866
698	699	0.1263	0.0705
699	700	0.1286	0.07174
700	701	0.09706	0.07752
700	702	0.08561	0.04316
702	703	0.05466	0.0305
703	704	0.1479	0.08253
704	705	0.1509	0.1206
705	706	0.08718	0.06963
706	707	0.08828	0.07051
707	708	0.03694	0.02951
698	709	0.02063	0.01648
698	710	0.1662	0.09274
694	711	0.1549	0.08646
418	712	0.1405	0.07841
414	713	0.125	0.06862
327	714	0.1205	0.06696
325	715	0.1447	0.08042
324	716	0.01141	0.006366
716	717	0.01531	0.008543
717	718	0.1433	0.07997
718	719	0.1204	0.06717
719	720	0.7388	0.4123
720	721	0.1072	0.05984
721	722	0.4612	0.2574
722	723	0.1394	0.07751
723	724	0.2069	0.115
724	725	0.2531	0.1413
725	726	0.06878	0.05494
726	727	0.0814	0.06501
725	728	0.08851	0.04939
728	729	0.06931	0.03868
729	730	0.1809	0.1009
730	731	0.1111	0.06199
730	732	0.1292	0.1032
722	733	0.2394	0.1336
733	734	0.7123	0.3975
734	735	0.3199	0.1785
735	736	0.2309	0.1288
736	737	1.623	0.9057
737	738	0.1677	0.09324
738	739	0.1929	0.1059
739	740	0.02027	0.01113
740	741	0.007469	0.0041
741	742	0.007469	0.0041
742	743	0.07981	0.04381
743	744	0.05826	0.03198
744	745	0.07742	0.0432
745	746	0.07246	0.04044
746	747	0.733	0.4091
747	748	0.2256	0.1259
745	749	0.05131	0.04098
720	750	0.1788	0.09813
719	751	0.08531	0.06814
275	752	0.01704	0.009512
752	753	0.1476	0.08235
753	754	0.05752	0.03157
754	755	0.1903	0.1062
755	756	0.178	0.09932
756	757	0.1267	0.1012
757	758	0.09858	0.07873
174	759	0.01944	0.01085
759	760	0.06663	0.03718
760	761	0.04644	0.02591
160	762	0.00731	0.00408
762	763	0.01118	0.006239
763	764	0.1162	0.06482
764	765	0.1176	0.06561
763	766	0.05974	0.03334
766	767	0.06648	0.03561
767	768	0.003717	0.001991
768	769	0.1766	0.09854
769	770	0.1143	0.06355
770	771	0.2729	0.218
771	772	0.002818	0.00225
772	773	0.04833	0.0386
772	774	0.06485	0.0518
770	775	0.1435	0.07977
770	776	0.0428	0.02379
770	777	0.2204	0.1226
159	778	0.008503	0.006603
778	779	0.04971	0.0386
123	780	0.004203	0.002345
780	781	0.02961	0.01653
781	782	0.2086	0.1164
782	783	0.1026	0.08192
782	784	0.48	0.2679
784	785	0.05619	0.03136
784	786	0.2973	0.1659
123	787	0.06823	0.0545
116	788	0.007681	0.004286
788	789	0.01026	0.005728
789	790	0.01815	0.01013
790	791	0.08741	0.04878
791	792	0.07595	0.04238
792	793	0.004444	0.00248
793	794	0.1194	0.06664
793	795	0.147	0.08203
789	796	0.06256	0.03492
115	797	0.02361	0.03307
111	798	0.01656	0.009239
798	799	0.09177	0.05121
111	800	0.01175	0.0275
800	801	0.009484	0.02219
801	802	0.002181	0.005102
802	803	0.000966	0.002261
803	804	0.001	0.001
804	805	0.002223	0.005202
805	806	0.009132	0.02137
806	807	0.00796	0.01862
807	808	0.007712	0.004304
808	809	0.01044	0.005825
809	810	0.1153	0.06436
810	811	0.1657	0.09245
807	812	0.01057	0.02473
812	813	0.009807	0.008187
813	814	0.02876	0.02401
812	815	0.009686	0.02267
815	816	0.0111	0.02597
816	817	0.008492	0.01987
817	818	0.004697	0.01099
818	819	0.006004	0.01405
819	820	0.009064	0.007239
820	821	0.0784	0.06262
821	822	0.05674	0.04532
822	823	0.06209	0.04959
823	824	0.2235	0.1785
824	825	0.1483	0.1185
819	826	0.008649	0.02024
826	827	0.04127	0.09657
827	828	0.009836	0.007856
828	829	0.05506	0.04397
827	830	0.0273	0.06389
830	831	0.009239	0.02162
831	832	0.008487	0.01986
832	833	0.002009	0.004702
833	834	0.007963	0.01863
834	835	0.00198	0.004632
835	836	0.01942	0.04544
836	837	0.01047	0.0245
837	838	0.001	0.001
838	839	0.008806	0.0206
839	840	0.0111	0.006196
840	841	0.01662	0.009274
841	842	0.13	0.07255
842	843	0.1021	0.05697
841	844	0.1685	0.09249
844	845	0.08071	0.06446
839	846	0.004107	0.009609
846	847	0.004615	0.0108
847	848	0.01415	0.007898
848	849	0.1467	0.08189
849	850	0.08036	0.04485
850	851	0.5364	0.4284
851	852	0.00499	0.002817
852	853	0.0326	0.0184
847	854	0.006292	0.01472
854	855	0.01325	0.007394
855	856	0.06726	0.03753
856	857	0.05029	0.02555
857	858	0.114	0.06363
858	859	0.05369	0.02996
859	860	0.1128	0.06293
859	861	0.1333	0.07442
854	862	0.02721	0.06368
862	863	0.007218	0.002222
863	864	0.008653	0.002663
864	865	0.1082	0.03331
865	866	0.002903	0.000894
866	867	0.02062	0.01647
867	868	0.06043	0.04826
864	869	0.07692	0.04062
862	870	0.01061	0.02483
870	871	0.000772	0.001805
871	872	0.01002	0.02345
872	873	0.01647	0.03854
873	874	0.01675	0.0392
874	875	0.000526	0.00123
875	876	0.001	0.001
876	877	0.001014	0.002373
877	878	0.00673	0.01575
878	879	0.005973	0.01398
879	880	0.01017	0.02379
880	881	0.006704	0.01569
881	882	0.006121	0.01432
882	883	0.000263	0.000615
883	884	0.01182	0.02766
884	885	0.01635	0.03825
885	886	0.00352	0.008237
886	887	0.005488	0.01284
887	888	0.002092	0.004895
888	889	0.006942	0.01624
889	890	0.01333	0.03118
890	891	0.005855	0.0137
891	892	0.001761	0.00412
892	893	0.01172	0.02742
893	894	0.007158	0.01675
894	895	0.004002	0.009363
895	896	0.008586	0.02009
896	897	0.007499	0.01755
897	898	0.01218	0.02849
898	899	0.01068	0.025
899	900	0.00629	0.01472
900	901	5e-03	0.001
901	902	0.001314	0.003075
902	903	0.001	0.001
903	904	0.008731	0.02043
904	905	0.003904	0.009135
905	906	0.01212	0.009245
906	907	0.0186	0.01419
907	908	0.02909	0.02219
908	909	0.09753	0.0779
909	910	0.004336	0.003463
905	911	0.01463	0.03424
911	912	0.04792	0.1121
912	913	0.007142	0.005705
913	914	0.01606	0.01282
914	915	0.1136	0.09076
912	916	0.02023	0.04734
916	917	0.01579	0.03694
917	918	0.01279	0.02992
918	919	0.01486	0.03477
919	920	0.01682	0.03935
920	921	0.02786	0.06519
921	922	0.000631	0.001477
922	923	0.009916	0.0232
923	924	0.008779	0.02054
924	925	0.00373	0.008728
925	926	0.01674	0.03917
926	927	0.0105	0.008382
927	928	0.06791	0.05424
928	929	0.1545	0.1234
929	930	0.1265	0.1011
926	931	0.01267	0.02966
931	932	0.007945	0.01859
932	933	0.004048	0.009472
933	934	0.004008	0.009377
934	935	0.007186	0.01682
935	936	0.008939	0.02092
936	937	0.009371	0.02193
937	938	0.005244	0.01227
938	939	0.002404	0.005626
939	940	0.001766	0.004131
940	941	0.01546	0.03618
941	942	0.005319	0.01245
942	943	0.006279	0.01469
943	944	0.002245	0.005254
944	945	0.003558	0.008326
945	946	0.001	0.001
946	947	0.001199	0.002806
947	948	0.003798	0.008888
948	949	0.001769	0.00414
949	950	0.00493	0.01154
950	951	0.01066	0.02494
951	952	0.008728	0.02042
952	953	0.01386	0.03243
953	954	0.008091	0.01893
954	955	0.004693	0.01098
955	956	0.01492	0.01392
956	957	0.02002	0.01867
957	958	0.0238	0.0222
958	959	0.006366	0.005939
959	960	0.02768	0.02582
960	961	0.001	0.001
961	962	0.001	0.001
962	963	0.002361	0.002203
963	964	0.02207	0.02059
964	965	0.02378	0.02218
965	966	0.05547	0.05175
966	967	0.007657	0.004273
967	968	0.03695	0.02062
968	969	0.06732	0.03757
969	970	0.09857	0.05501
970	971	0.1059	0.05912
970	972	0.09911	0.05531
972	973	0.1552	0.08661
966	974	0.1092	0.1019
974	975	0.006251	0.005832
975	976	0.01306	0.01219
976	977	5e-03	0.001
977	978	0.004174	0.003894
978	979	0.001	0.001
979	980	0.00778	0.007258
980	981	0.04709	0.04392
981	982	0.02851	0.0266
982	983	0.05186	0.04838
983	984	0.05965	0.05565
984	985	0.0246	0.02295
985	986	0.009292	0.007216
986	987	0.008395	0.006519
985	988	0.05359	0.04999
988	989	0.02183	0.02037
989	990	0.005811	0.005421
990	991	0.01548	0.01444
991	992	0.002513	0.002344
992	993	0.0462	0.0431
993	994	0.01828	0.01706
994	995	0.01779	0.01659
995	996	0.02308	0.02153
996	997	0.01006	0.00939
997	998	0.0149	0.0139
998	999	0.03149	0.02938
999	1000	0.06087	0.05679
1000	1001	0.05356	0.04996
1001	1002	0.006123	0.003417
1002	1003	0.02692	0.01503
1003	1004	0.06535	0.03647
1001	1005	0.02084	0.01945
1005	1006	0.01425	0.007193
1006	1007	0.005404	0.002728
1007	1008	0.003629	0.002048
1008	1009	0.002968	0.001676
1009	1010	0.01273	0.007183
1010	1011	0.4666	0.2634
1011	1012	0.04278	0.02415
1012	1013	0.2847	0.1607
1006	1014	0.009555	0.005393
1014	1015	0.003102	0.001751
1015	1016	0.0128	0.007227
1016	1017	0.06127	0.03458
1017	1018	0.1416	0.07991
1018	1019	0.009404	0.005308
1019	1020	0.1372	0.07743
1020	1021	0.005478	0.003092
1005	1022	0.02188	0.02041
1022	1023	0.02728	0.02545
1023	1024	0.04643	0.04331
1024	1025	0.03941	0.03677
1025	1026	0.005016	0.004006
1026	1027	0.007092	0.005665
1027	1028	0.05529	0.04415
1028	1029	0.07144	0.05706
1029	1030	0.07255	0.05794
1030	1031	0.004353	0.003477
1031	1032	0.06842	0.05465
1032	1033	0.06866	0.05484
1033	1034	0.07077	0.05652
1034	1035	0.07044	0.05626
1035	1036	0.07529	0.06014
1031	1037	0.08289	0.06621
1025	1038	0.03864	0.03605
1038	1039	0.05263	0.0491
1039	1040	0.01925	0.01796
1040	1041	0.08472	0.07903
1041	1042	0.02537	0.02367
1042	1043	0.009922	0.005537
1043	1044	0.01255	0.007001
1044	1045	0.0143	0.007981
1045	1046	0.02857	0.01595
1046	1047	0.06876	0.03837
1047	1048	0.1251	0.06979
1048	1049	0.07423	0.04143
1049	1050	0.3822	0.2133
1050	1051	0.1792	0.09961
1051	1052	0.1498	0.08329
1052	1053	0.02609	0.01456
1052	1054	0.185	0.1029
1054	1055	0.1569	0.08754
1055	1056	0.1306	0.07287
1056	1057	0.06757	0.03771
1057	1058	0.08237	0.04597
1058	1059	0.1121	0.06257
1059	1060	0.1225	0.06838
1060	1061	0.03406	0.01717
1061	1062	0.05104	0.02849
1061	1063	0.006729	0.003392
1063	1064	0.08515	0.06801
1060	1065	0.1953	0.109
1057	1066	0.06322	0.05049
1050	1067	0.2027	0.1113
1050	1068	0.1598	0.08774
1050	1069	0.3007	0.1651
1069	1070	0.05702	0.03182
1070	1071	0.08604	0.04801
1049	1072	0.1376	0.1099
1044	1073	0.1397	0.07798
1042	1074	0.06823	0.06365
1074	1075	0.05368	0.05007
1075	1076	0.05132	0.04787
1076	1077	0.01125	0.006006
1077	1078	0.02098	0.0112
1078	1079	0.1351	0.07207
1079	1080	0.1337	0.07136
1080	1081	0.153	0.08167
1081	1082	0.07661	0.04088
1082	1083	0.1399	0.07466
1082	1084	0.06786	0.0542
1084	1085	0.1008	0.08047
1085	1086	0.07325	0.0585
1084	1087	0.06648	0.05309
1087	1088	0.06696	0.05348
1088	1089	0.002832	0.002262
1089	1090	0.06769	0.05406
1090	1091	0.003841	0.003067
1091	1092	0.1336	0.1067
1092	1093	0.1521	0.1215
1093	1094	0.1795	0.09578
1094	1095	0.1516	0.0846
1095	1096	0.2065	0.1134
1096	1097	0.2895	0.1615
1097	1098	0.1825	0.1019
1098	1099	0.03463	0.02766
1099	1100	0.06916	0.05523
1098	1101	0.1926	0.1057
1096	1102	0.06144	0.04907
1094	1103	0.141	0.07867
1103	1104	0.09715	0.05422
1104	1105	0.0411	0.02293
1090	1106	0.007685	0.006138
1106	1107	0.09741	0.0778
1088	1108	0.08114	0.06481
1076	1109	0.01562	0.01457
1109	1110	0.05744	0.05359
1110	1111	0.03127	0.02917
1111	1112	0.04742	0.04424
1112	1113	0.001	0.001
1113	1114	0.05421	0.05057
1114	1115	0.000945	0.000882
1115	1116	0.05381	0.0502
1116	1117	0.0075	0.006997
1117	1118	0.05152	0.04806
1118	1119	0.05168	0.04821
1119	1120	0.0656	0.0612
1120	1121	0.08647	0.02786
1121	1122	0.1321	0.04258
1122	1123	0.0158	0.008815
1123	1124	0.007361	0.004108
1124	1125	0.09341	0.05212
1122	1126	0.1346	0.04335
1126	1127	0.09447	0.03044
1127	1128	0.009395	0.003027
1128	1129	0.1621	0.05222
1129	1130	0.01259	0.01006
1130	1131	0.1003	0.0801
1129	1132	0.2074	0.06682
1132	1133	0.00458	0.001476
1133	1134	0.1231	0.03967
1134	1135	0.08326	0.02683
1135	1136	0.2113	0.06809
1136	1137	0.01118	0.005772
1137	1138	0.02695	0.01504
1138	1139	0.03822	0.02133
1139	1140	0.08857	0.04943
1140	1141	0.1395	0.07782
1141	1142	0.2525	0.1409
1136	1143	0.2849	0.08769
1143	1144	0.1635	0.09012
1144	1145	0.12	0.06671
1145	1146	0.1515	0.08421
1143	1147	0.09238	0.02843
1147	1148	0.3843	0.1183
1148	1149	0.09111	0.02804
1149	1150	0.01347	0.007518
1150	1151	0.09169	0.05117
1151	1152	0.01955	0.01073
1152	1153	0.1472	0.08079
1153	1154	0.04546	0.03521
1153	1155	0.1188	0.06524
1155	1156	0.0744	0.04084
1156	1157	0.04667	0.02562
1157	1158	0.1313	0.07208
1158	1159	0.07723	0.0424
1159	1160	0.05666	0.04525
1160	1161	0.06674	0.05331
1161	1162	0.07125	0.0569
1162	1163	0.05024	0.02804
1163	1164	0.1311	0.07314
1159	1165	0.1319	0.07242
1165	1166	0.06791	0.03363
1166	1167	0.2146	0.1178
1167	1168	0.2636	0.1447
1168	1169	0.05799	0.03183
1169	1170	0.07572	0.06047
1170	1171	0.0753	0.06014
1169	1172	0.1326	0.07281
1165	1173	0.1659	0.1325
1173	1174	0.1024	0.08179
1174	1175	0.1027	0.08203
1175	1176	0.1016	0.08118
1176	1177	0.1026	0.08191
1157	1178	0.05314	0.04127
1178	1179	0.06905	0.05515
1156	1180	0.1092	0.08725
1149	1181	0.01439	0.008028
1181	1182	0.125	0.06977
1149	1183	0.08586	0.02766
1183	1184	0.1283	0.04132
1184	1185	0.05388	0.03007
1185	1186	0.05542	0.04426
1184	1187	0.1275	0.04108
1184	1188	0.04169	0.02327
1135	1189	0.01745	0.00974
1189	1190	0.01134	0.006329
1190	1191	0.03527	0.01968
1191	1192	0.05923	0.03306
1192	1193	0.1819	0.1015
1193	1194	0.1429	0.07203
1194	1195	0.1337	0.07461
1195	1196	0.1354	0.07431
1196	1197	0.09075	0.04981
1197	1198	0.0473	0.02342
1198	1199	0.1493	0.08331
1199	1200	0.1143	0.06377
1199	1201	0.04643	0.03708
1201	1202	0.05557	0.04438
1202	1203	0.1459	0.08144
1203	1204	0.06037	0.03369
1203	1205	0.1597	0.08914
1205	1206	0.07916	0.04418
1206	1207	0.1268	0.07075
1207	1208	0.1087	0.06067
1208	1209	0.07414	0.04138
1209	1210	0.07411	0.04136
1210	1211	0.1559	0.08702
1211	1212	0.06575	0.05251
1210	1213	0.09182	0.05124
1213	1214	0.5234	0.418
1214	1215	0.003255	0.0026
1215	1216	0.2482	0.1982
1214	1217	0.1916	0.153
1205	1218	0.06836	0.03815
1205	1219	0.1437	0.08021
1219	1220	0.1386	0.07733
1220	1221	0.07354	0.05873
1220	1222	0.1961	0.1094
1219	1223	0.0581	0.03189
1219	1224	0.09554	0.05332
1224	1225	0.09821	0.05481
1225	1226	0.1811	0.1011
1226	1227	0.1453	0.08109
1203	1228	0.07905	0.04412
1228	1229	0.00051	0.000285
1229	1230	0.1283	0.0716
1202	1231	0.171	0.1366
1231	1232	0.1026	0.08196
1232	1233	0.1779	0.1421
1197	1234	0.1082	0.05938
1234	1235	0.1017	0.05584
1235	1236	0.104	0.05707
1197	1237	0.0602	0.04808
1134	1238	0.01001	0.007992
1238	1239	0.02078	0.0166
1132	1240	0.00852	0.006805
1240	1241	0.06869	0.05486
1120	1242	0.08693	0.03693
1242	1243	0.04797	0.02038
1243	1244	0.1103	0.04686
1244	1245	0.009724	0.005427
1245	1246	0.08371	0.04672
1244	1247	0.01652	0.007018
1247	1248	0.006037	0.002565
1248	1249	0.1062	0.04512
1249	1250	0.5976	0.2539
1250	1251	0.02823	0.012
1251	1252	0.1238	0.05259
1252	1253	0.007659	0.004274
1253	1254	0.001	0.001
1254	1255	0.2083	0.1163
1255	1256	0.08188	0.04569
1256	1257	0.2322	0.1296
1257	1258	0.2153	0.1202
1258	1259	0.1289	0.103
1259	1260	0.1027	0.08199
1258	1261	0.1102	0.06151
1261	1262	0.04116	0.02297
1255	1263	0.01013	0.008092
1263	1264	0.09783	0.07814
1264	1265	0.07472	0.05968
1265	1266	0.03421	0.02732
1266	1267	0.03421	0.02732
1266	1268	0.03421	0.02732
1252	1269	0.2475	0.1051
1269	1270	0.06337	0.02692
1270	1271	0.02908	0.02322
1271	1272	0.03763	0.03005
1270	1273	0.01786	0.009805
1273	1274	0.1401	0.07692
1274	1275	0.1397	0.0767
1275	1276	0.1518	0.08472
1276	1277	0.1866	0.149
1270	1278	0.07868	0.03972
1278	1279	0.06194	0.03127
1279	1280	0.05923	0.0299
1280	1281	0.004517	0.00228
1281	1282	0.08645	0.06904
1281	1283	0.07007	0.03537
1283	1284	0.07132	0.036
1284	1285	0.1506	0.07602
1285	1286	0.03537	0.01974
1286	1287	0.1566	0.08738
1285	1288	0.05974	0.03016
1288	1289	0.06621	0.03342
1289	1290	0.1017	0.04319
1290	1291	0.1077	0.04574
1291	1292	0.07692	0.03268
1292	1293	0.1187	0.05044
1293	1294	0.1158	0.04921
1294	1295	0.126	0.07032
1294	1296	0.05211	0.02214
1296	1297	0.07499	0.03186
1297	1298	0.03176	0.0135
1298	1299	0.01534	0.008528
1299	1300	0.001	0.001
1300	1301	0.01026	0.005702
1301	1302	0.0393	0.02185
1302	1303	0.0526	0.02924
1303	1304	0.117	0.0653
1303	1305	0.118	0.06584
1305	1306	0.207	0.1155
1306	1307	0.2322	0.1296
1307	1308	0.1315	0.1051
1308	1309	0.124	0.09903
1309	1310	0.1075	0.08589
1310	1311	0.01654	0.01321
1311	1312	0.173	0.1382
1310	1313	0.07463	0.0596
1313	1314	0.07173	0.05729
1314	1315	0.1474	0.1177
1315	1316	0.01265	0.00982
1316	1317	0.03369	0.02691
1314	1318	0.1021	0.08153
1309	1319	0.05194	0.04149
1309	1320	0.09168	0.07322
1320	1321	0.08953	0.07151
1307	1322	0.04839	0.03865
1307	1323	0.2814	0.157
1301	1324	0.1159	0.06442
1298	1325	0.05188	0.02204
1325	1326	0.01883	0.01504
1326	1327	0.1353	0.1081
1325	1328	0.01124	0.006273
1328	1329	0.05318	0.02968
1329	1330	0.1575	0.08789
1330	1331	0.0481	0.02684
1331	1332	0.03735	0.02084
1332	1333	0.1244	0.06941
1331	1334	0.1108	0.06182
1334	1335	0.05817	0.03246
1335	1336	0.0388	0.02165
1336	1337	0.03097	0.02473
1337	1338	0.0847	0.06765
1336	1339	0.06619	0.03694
1339	1340	0.241	0.1345
1340	1341	0.1508	0.08415
1341	1342	0.0996	0.05558
1342	1343	0.07868	0.06284
1342	1344	0.2851	0.1591
1344	1345	0.1048	0.05849
1345	1346	0.0821	0.06557
1346	1347	0.07735	0.06178
1345	1348	0.07002	0.05592
1348	1349	0.08003	0.06392
1349	1350	0.06746	0.05388
1350	1351	0.03493	0.0279
1351	1352	0.02795	0.02232
1350	1353	0.009816	0.00784
1353	1354	0.3598	0.2874
1354	1355	0.2029	0.1621
1355	1356	0.1586	0.1267
1355	1357	0.09133	0.07295
1357	1358	0.09133	0.07295
1358	1359	0.01441	0.01151
1359	1360	0.06153	0.04915
1358	1361	0.0656	0.0524
1361	1362	0.09099	0.07267
1362	1363	0.002554	0.00204
1363	1364	0.1794	0.1433
1364	1365	0.01881	0.01503
1365	1366	0.06671	0.05328
1364	1367	0.2798	0.2235
1367	1368	0.1033	0.08251
1368	1369	0.06842	0.05464
1369	1370	0.05234	0.0418
1361	1371	0.09202	0.07349
1354	1372	0.09586	0.07656
1372	1373	0.005188	0.004144
1344	1374	0.1122	0.0626
1374	1375	0.09187	0.05127
1375	1376	0.06514	0.03635
1335	1377	0.1016	0.08114
1297	1378	0.005132	0.004099
1378	1379	0.001	0.001
1379	1380	0.08402	0.0671
1380	1381	0.05993	0.04786
1381	1382	0.1166	0.0931
1382	1383	0.02408	0.01923
1382	1384	0.09011	0.07197
1381	1385	0.06675	0.05331
1293	1386	0.01132	0.009038
1386	1387	0.02896	0.02313
1387	1388	0.06669	0.05327
1388	1389	0.2339	0.1868
1389	1390	0.2809	0.2244
1390	1391	0.06778	0.05413
1390	1392	0.2304	0.184
1243	1393	0.0272	0.02173
1242	1394	0.003422	0.002733
1394	1395	0.01212	0.009683
1120	1396	0.09245	0.07384
1119	1397	0.009244	0.005159
1397	1398	0.1098	0.06129
1118	1399	0.01187	0.009478
1399	1400	0.07707	0.06155
1116	1401	0.03508	0.02802
1401	1402	0.08515	0.06801
1402	1403	0.08246	0.06586
1403	1404	0.1168	0.0933
1404	1405	0.06871	0.05488
1405	1406	0.001327	0.00106
1406	1407	0.07624	0.06089
1407	1408	0.06819	0.05446
1406	1409	0.06735	0.05379
1402	1410	0.03879	0.03098
1114	1411	0.01086	0.008673
1411	1412	0.01355	0.01082
1412	1413	0.02675	0.02136
1413	1414	0.06842	0.05464
1414	1415	0.03421	0.02732
1074	1416	0.00907	0.007244
1022	1417	0.004619	0.002577
1417	1418	0.01991	0.01111
1418	1419	0.2362	0.1318
1419	1420	0.473	0.2639
1420	1421	0.1032	0.05759
1421	1422	0.003266	0.002609
1422	1423	0.07626	0.06091
997	1424	0.009839	0.007858
1424	1425	0.005102	0.004259
1425	1426	0.04863	0.0406
1426	1427	0.1482	0.08268
1427	1428	0.09712	0.07757
996	1429	0.02808	0.009049
1429	1430	0.1641	0.05288
1430	1431	0.05396	0.01739
1431	1432	0.01073	0.003458
1432	1433	0.009608	0.003096
1433	1434	0.06587	0.02122
1434	1435	0.2013	0.06486
1435	1436	0.01513	0.01208
1436	1437	0.01418	0.01133
1437	1438	0.000431	0.000344
1438	1439	0.005151	0.002908
1439	1440	0.0302	0.01705
1440	1441	0.2811	0.1586
1441	1442	0.01169	0.0066
1437	1443	0.004339	0.002449
1443	1444	0.1702	0.09608
1444	1445	0.1386	0.07822
1445	1446	0.007927	0.004474
1446	1447	0.1725	0.09734
1447	1448	0.1151	0.06495
1435	1449	0.003056	0.000985
1449	1450	0.1607	0.05179
1450	1451	0.0214	0.006896
1451	1452	0.03612	0.01112
1452	1453	0.01578	0.004856
1453	1454	0.1001	0.03082
1454	1455	0.005086	0.001566
1455	1456	0.01799	0.01437
1456	1457	0.009894	0.007902
1457	1458	0.06831	0.05456
1458	1459	0.07551	0.06031
1455	1460	0.05772	0.01777
1460	1461	0.04883	0.01503
1461	1462	0.1026	0.03159
1462	1463	0.1202	0.03699
1463	1464	0.06577	0.02024
1464	1465	0.1699	0.05474
1465	1466	0.002959	0.000953
1466	1467	0.1374	0.04426
1467	1468	0.02132	0.006871
1468	1469	0.06533	0.02105
1469	1470	0.01612	0.008998
1470	1471	0.4144	0.2313
1469	1472	0.05921	0.03304
1469	1473	0.1663	0.05359
1473	1474	0.05329	0.01717
1474	1475	0.06639	0.02139
1475	1476	0.02002	0.01117
1476	1477	0.06547	0.03654
1477	1478	0.1906	0.1064
1475	1479	0.1337	0.04307
1479	1480	0.25	0.08054
1480	1481	0.1703	0.05488
1481	1482	0.09869	0.0318
1482	1483	0.0745	0.024
1483	1484	0.01203	0.003876
1484	1485	0.07613	0.02453
1485	1486	0.1065	0.0343
1486	1487	0.03038	0.01695
1487	1488	0.109	0.06083
1488	1489	0.08551	0.04772
1489	1490	0.009373	0.005231
1490	1491	0.1227	0.06847
1491	1492	0.01559	0.008699
1492	1493	0.1073	0.0599
1493	1494	0.2047	0.1142
1490	1495	0.02651	0.01479
1495	1496	0.116	0.06471
1496	1497	0.45	0.2511
1497	1498	0.02228	0.01243
1498	1499	0.1195	0.06668
1499	1500	0.09462	0.07557
1500	1501	0.000945	0.000755
1501	1502	0.04468	0.03569
1499	1503	0.3171	0.1769
1486	1504	0.007772	0.004337
1504	1505	0.01108	0.006182
1505	1506	0.1831	0.1022
1506	1507	0.1815	0.1013
1507	1508	0.1621	0.09047
1508	1509	0.1131	0.06312
1509	1510	0.02899	0.01618
1510	1511	0.1027	0.08205
1511	1512	0.1379	0.1101
1510	1513	0.1829	0.1017
1513	1514	0.09352	0.05219
1514	1515	0.07584	0.04233
1515	1516	0.1164	0.06496
1516	1517	0.004892	0.00273
1517	1518	0.07997	0.04463
1518	1519	0.2198	0.1222
1519	1520	0.09555	0.05332
1520	1521	0.4268	0.2382
1521	1522	0.1538	0.08585
1522	1523	0.2443	0.1364
1523	1524	0.1913	0.1067
1524	1525	0.1137	0.06322
1525	1526	0.03315	0.01843
1526	1527	0.1398	0.07799
1527	1528	0.6962	0.3885
1528	1529	0.09261	0.05168
1529	1530	0.3245	0.1811
1530	1531	0.2353	0.1313
1531	1532	0.142	0.07924
1530	1533	0.3305	0.264
1528	1534	0.1577	0.08799
1534	1535	0.2323	0.1297
1535	1536	0.184	0.1469
1535	1537	0.004065	0.003247
1537	1538	0.156	0.1246
1527	1539	0.08765	0.07001
1525	1540	0.3453	0.1927
1540	1541	0.1975	0.1102
1541	1542	0.1124	0.06274
1524	1543	0.1195	0.06669
1522	1544	0.04276	0.03415
1544	1545	0.06664	0.05322
1545	1546	0.04357	0.0348
1546	1547	0.07505	0.05994
1519	1548	0.07964	0.04445
1548	1549	0.3246	0.1811
1549	1550	0.1812	0.1011
1517	1551	0.2827	0.1578
1515	1552	0.1057	0.05901
1552	1553	0.04316	0.03447
1553	1554	0.0681	0.05439
1554	1555	0.08535	0.06817
1552	1556	0.1524	0.08503
1510	1557	0.6149	0.4911
1506	1558	0.1829	0.1021
1486	1559	0.02935	0.01638
1559	1560	0.05158	0.02878
1560	1561	0.07954	0.04439
1561	1562	0.006928	0.003866
1562	1563	0.01319	0.007363
1563	1564	0.2739	0.1529
1563	1565	0.1762	0.09833
1565	1566	0.2579	0.1434
1566	1567	0.1241	0.06901
1567	1568	0.08577	0.04768
1568	1569	0.006842	0.005465
1569	1570	0.008918	0.007123
1570	1571	0.1489	0.1189
1571	1572	0.1372	0.1095
1570	1573	0.144	0.07906
1573	1574	0.6042	0.3317
1574	1575	0.4754	0.261
1573	1576	0.1072	0.08564
1568	1577	0.01096	0.006116
1577	1578	0.09211	0.0514
1578	1579	0.1632	0.09105
1579	1580	0.2405	0.1342
1580	1581	0.04443	0.0247
1581	1582	0.1366	0.07595
1582	1583	0.0366	0.02035
1583	1584	0.1586	0.0885
1584	1585	0.3086	0.1722
1585	1586	0.1293	0.07215
1586	1587	0.2432	0.1357
1587	1588	0.1636	0.09128
1588	1589	0.3169	0.1768
1589	1590	0.008967	0.005004
1590	1591	0.09903	0.05527
1591	1592	0.1441	0.08043
1592	1593	0.09322	0.05202
1592	1594	0.2884	0.1609
1594	1595	0.06002	0.03349
1595	1596	0.08277	0.04619
1596	1597	0.1603	0.08946
1597	1598	0.1665	0.09292
1596	1599	0.1652	0.09221
1594	1600	0.07317	0.03689
1591	1601	0.1174	0.06552
1587	1602	0.03417	0.01907
1602	1603	0.2935	0.1638
1603	1604	0.1346	0.07512
1604	1605	0.1205	0.06723
1605	1606	0.3346	0.1867
1605	1607	0.08928	0.07131
1607	1608	0.04823	0.03852
1603	1609	0.1724	0.09622
1581	1610	0.1229	0.06858
1610	1611	0.1372	0.07656
1611	1612	0.2236	0.1248
1560	1613	0.09233	0.05153
1613	1614	0.03488	0.02786
1479	1615	0.01972	0.011
1615	1616	0.06026	0.03363
1479	1617	0.03219	0.01767
1617	1618	0.06682	0.03668
1618	1619	0.1132	0.09038
1468	1620	0.005734	0.0032
1620	1621	0.1468	0.08194
1621	1622	0.159	0.0887
1465	1623	0.1527	0.0852
1464	1624	0.0161	0.008987
1624	1625	0.01094	0.006106
1625	1626	0.08416	0.04697
1626	1627	0.2033	0.1134
1627	1628	0.08858	0.04943
1462	1629	0.008017	0.006403
1629	1630	0.007619	0.006085
1630	1631	0.02126	0.01698
1631	1632	0.1038	0.0829
1632	1633	0.002629	0.002099
1633	1634	0.1068	0.08533
1630	1635	0.04788	0.03824
1635	1636	0.0557	0.04449
1461	1637	0.02529	0.01388
1637	1638	0.1078	0.05917
1451	1639	0.01531	0.005963
1639	1640	0.0633	0.02465
1434	1641	0.01604	0.008804
1641	1642	0.03516	0.0193
1431	1643	0.01188	0.009492
1643	1644	0.01365	0.0109
988	1645	0.03131	0.01009
1645	1646	0.001	0.001
1646	1647	0.192	0.06188
1647	1648	0.04181	0.01347
1648	1649	0.04223	0.01361
1649	1650	0.1737	0.05598
1650	1651	0.1072	0.03454
1651	1652	0.02073	0.01934
1652	1653	0.01946	0.01815
1653	1654	0.00236	0.002202
1654	1655	0.03361	0.03136
1655	1656	0.0374	0.03489
1656	1657	0.008939	0.007139
1657	1658	0.042	0.03355
1656	1659	0.01203	0.01122
1659	1660	0.07411	0.06914
1660	1661	0.04826	0.04502
1661	1662	0.04087	0.03264
1662	1663	0.05956	0.04757
1663	1664	0.07024	0.0561
1664	1665	0.06687	0.05341
1665	1666	0.06181	0.04937
1666	1667	0.005696	0.004549
1667	1668	0.05507	0.04398
1668	1669	0.04777	0.03815
1667	1670	0.07078	0.05653
1670	1671	0.08114	0.0648
1667	1672	0.1183	0.09447
1672	1673	0.1164	0.09294
1673	1674	0.00425	0.003394
1674	1675	0.08878	0.07091
1675	1676	0.06773	0.05409
1676	1677	0.04275	0.03414
1673	1678	0.08216	0.06562
1678	1679	0.0742	0.05927
1661	1680	0.03767	0.03514
1680	1681	0.04401	0.04105
1681	1682	0.1023	0.09546
1682	1683	0.07171	0.06689
1683	1684	0.02054	0.01715
1683	1685	0.05185	0.04837
1685	1686	0.03072	0.02866
1686	1687	0.01696	0.01582
1687	1688	0.04138	0.0386
1688	1689	0.02057	0.01129
1689	1690	0.01506	0.008269
1690	1691	0.07194	0.03949
1688	1692	0.05926	0.05529
1692	1693	0.02649	0.02471
1693	1694	0.01397	0.01303
1694	1695	0.02992	0.02792
1695	1696	0.05855	0.05462
1696	1697	0.04875	0.04548
1697	1698	0.0215	0.02005
1698	1699	0.03802	0.03547
1699	1700	0.006998	0.005589
1700	1701	0.01658	0.01324
1701	1702	0.002618	0.002091
1702	1703	0.0337	0.02692
1703	1704	0.06945	0.05547
1699	1705	0.04177	0.03897
1705	1706	0.009749	0.007787
1706	1707	0.06838	0.05462
1707	1708	0.103	0.08226
1705	1709	0.02549	0.02378
1709	1710	0.05274	0.0492
1710	1711	0.01833	0.01023
1710	1712	0.003555	0.003317
1712	1713	0.05314	0.04957
1713	1714	0.01625	0.01516
1714	1715	0.01128	0.009013
1715	1716	0.005707	0.004558
1716	1717	0.05088	0.04064
1717	1718	0.03999	0.03194
1716	1719	0.01264	0.01009
1719	1720	0.04563	0.03645
1720	1721	0.2171	0.1212
1721	1722	0.06186	0.04941
1722	1723	0.07175	0.05731
1714	1724	0.03536	0.03299
1724	1725	0.02118	0.01976
1725	1726	0.001	0.001
1726	1727	0.02358	0.022
1727	1728	0.03986	0.03718
1728	1729	0.04606	0.04297
1729	1730	0.04992	0.04657
1730	1731	0.01287	0.007181
1731	1732	0.01068	0.005959
1732	1733	0.04624	0.0258
1730	1734	0.08864	0.08269
1734	1735	0.03586	0.03345
1735	1736	0.02521	0.02352
1736	1737	0.04563	0.04257
1737	1738	0.01652	0.01541
1738	1739	0.02489	0.02322
1739	1740	0.04532	0.04228
1740	1741	0.03179	0.02965
1741	1742	0.02014	0.01879
1742	1743	0.0121	0.01129
1743	1744	0.007706	0.007189
1744	1745	0.01612	0.008997
1745	1746	0.01125	0.006277
1746	1747	0.1975	0.1102
1747	1748	0.005225	0.002916
1748	1749	0.1948	0.1087
1749	1750	0.1169	0.06523
1750	1751	0.1341	0.07483
1751	1752	0.006313	0.003523
1752	1753	0.1378	0.07692
1752	1754	0.1034	0.05772
1754	1755	0.1443	0.08051
1755	1756	0.07578	0.04229
1756	1757	0.3758	0.2071
1757	1758	0.06876	0.03789
1758	1759	0.1054	0.05785
1758	1760	0.1123	0.06188
1760	1761	0.2543	0.1419
1761	1762	0.08733	0.04794
1761	1763	0.1649	0.09205
1763	1764	0.05908	0.04719
1764	1765	0.08963	0.07159
1765	1766	0.06624	0.05291
1766	1767	0.05895	0.04708
1767	1768	0.07812	0.06239
1767	1769	0.09339	0.07459
1767	1770	0.08647	0.06906
1770	1771	0.04416	0.03527
1771	1772	0.04503	0.03596
1772	1773	0.02907	0.02321
1773	1774	0.07346	0.05867
1774	1775	0.0937	0.07483
1775	1776	0.1161	0.09272
1776	1777	0.1252	0.1
1777	1778	0.02065	0.01649
1777	1779	0.1072	0.08558
1779	1780	0.1343	0.1073
1780	1781	0.09567	0.07641
1781	1782	0.05896	0.04709
1782	1783	0.184	0.147
1782	1784	0.06168	0.04926
1784	1785	0.06691	0.05344
1785	1786	0.0737	0.05886
1781	1787	0.104	0.08308
1787	1788	0.07989	0.06381
1788	1789	0.1199	0.09579
1789	1790	0.1021	0.08158
1780	1791	0.1142	0.09123
1777	1792	0.08547	0.06827
1771	1793	0.07524	0.06009
1793	1794	0.07548	0.06028
1757	1795	0.1018	0.05681
1757	1796	0.09731	0.0543
1750	1797	0.06228	0.03476
1749	1798	0.1849	0.1032
1798	1799	0.003124	0.001744
1799	1800	0.0733	0.05854
1799	1801	0.3307	0.1845
1801	1802	0.1512	0.08439
1802	1803	0.1087	0.06067
1802	1804	0.07862	0.04387
1747	1805	0.0823	0.06574
1744	1806	0.01144	0.01067
1806	1807	0.03286	0.03065
1807	1808	0.04084	0.0381
1808	1809	0.01148	0.01071
1809	1810	0.03135	0.02925
1810	1811	0.04062	0.03789
1811	1812	0.001534	0.001431
1812	1813	0.01391	0.01297
1813	1814	0.0154	0.01436
1814	1815	0.01207	0.01126
1815	1816	0.03344	0.0312
1816	1817	0.001294	0.001207
1817	1818	0.02971	0.02373
1818	1819	0.007034	0.003971
1819	1820	0.004593	0.002593
1820	1821	0.033	0.01863
1818	1822	0.006756	0.003813
1822	1823	0.006999	0.003951
1823	1824	0.08058	0.04548
1824	1825	0.01415	0.007988
1825	1826	0.1841	0.1039
1826	1827	0.09667	0.05457
1827	1828	0.1776	0.1003
1828	1829	0.1451	0.08193
1829	1830	0.2141	0.1209
1817	1831	0.08198	0.04283
1831	1832	0.001703	0.00089
1832	1833	0.007958	0.004492
1833	1834	0.006721	0.003794
1834	1835	0.003704	0.002091
1835	1836	0.1674	0.09449
1836	1837	0.05698	0.03216
1837	1838	0.08471	0.04781
1838	1839	0.2038	0.115
1839	1840	0.01971	0.01113
1840	1841	0.01099	0.006203
1832	1842	0.001441	0.000753
1842	1843	0.00882	0.004978
1843	1844	0.004008	0.002262
1844	1845	0.003844	0.00217
1845	1846	0.1262	0.07126
1846	1847	0.07204	0.04066
1847	1848	0.1178	0.06647
1848	1849	0.2406	0.1358
1849	1850	0.1623	0.09161
1817	1851	0.000291	0.000272
1814	1852	0.01686	0.01347
1852	1853	0.0362	0.02891
1853	1854	0.01326	0.01059
1854	1855	0.069	0.05511
1855	1856	0.1087	0.08686
1856	1857	0.07502	0.05992
1857	1858	0.104	0.08303
1858	1859	0.05185	0.04142
1859	1860	0.09185	0.07336
1741	1861	0.01887	0.01053
1861	1862	0.001	0.001
1862	1863	0.02237	0.01248
1863	1864	0.04102	0.02289
1864	1865	0.1187	0.06625
1865	1866	0.07318	0.04084
1866	1867	0.09144	0.05103
1867	1868	0.06558	0.036
1867	1869	0.129	0.07201
1869	1870	0.1094	0.06107
1870	1871	0.1053	0.05878
1871	1872	0.1733	0.09671
1871	1873	0.155	0.0865
1871	1874	0.1118	0.06241
1865	1875	0.07302	0.03681
1739	1876	0.06323	0.0505
1737	1877	0.004453	0.003458
1877	1878	0.006986	0.005425
1878	1879	0.006441	0.005001
1728	1880	0.01197	0.009562
1880	1881	0.004208	0.003361
1881	1882	0.1102	0.08802
1882	1883	0.2315	0.1849
1727	1884	0.017	0.0132
1884	1885	0.02813	0.02185
1885	1886	0.1036	0.08276
1727	1887	0.01067	0.008524
1887	1888	0.01079	0.008621
1888	1889	0.07143	0.05705
1698	1890	0.01426	0.007957
1890	1891	0.01181	0.006589
1891	1892	0.01385	0.00773
1892	1893	0.04352	0.02429
1891	1894	0.02396	0.01913
1894	1895	0.01767	0.01411
1895	1896	0.02883	0.02303
1896	1897	0.05244	0.04188
1897	1898	0.08532	0.06814
1693	1899	0.011	0.008789
1899	1900	0.0126	0.01007
1900	1901	0.05701	0.04553
1901	1902	0.18	0.1438
1692	1903	0.01358	0.007482
1903	1904	0.05036	0.02775
1904	1905	0.09195	0.05068
1905	1906	0.2032	0.112
1906	1907	0.1675	0.09349
1907	1908	0.104	0.05706
1908	1909	0.1148	0.06407
1909	1910	0.08528	0.04759
1910	1911	0.2179	0.1216
1908	1912	0.2225	0.1221
1912	1913	0.08231	0.06574
1913	1914	0.08287	0.06619
1914	1915	0.2811	0.2245
1915	1916	0.1411	0.1127
1916	1917	0.06842	0.05464
1912	1918	0.09541	0.05325
1918	1919	0.09033	0.05041
1687	1920	0.01311	0.007316
1920	1921	0.007666	0.004278
1921	1922	0.1486	0.08292
1922	1923	0.0712	0.03973
1923	1924	0.07707	0.06156
1922	1925	0.034	0.02824
1683	1926	0.01711	0.009548
1926	1927	0.03904	0.02178
1927	1928	0.1077	0.06012
1928	1929	1.034	0.5768
1651	1930	0.07868	0.02535
1930	1931	0.01151	0.003709
1931	1932	0.08648	0.02787
1932	1933	0.05496	0.01771
1933	1934	0.03664	0.01181
1934	1935	0.09169	0.02954
1935	1936	0.1461	0.04709
1936	1937	0.005282	0.004219
1937	1938	0.02551	0.02037
1936	1939	0.004982	0.002515
1939	1940	0.01817	0.009173
1940	1941	0.03558	0.01796
1941	1942	0.06128	0.03093
1942	1943	0.09001	0.029
1943	1944	0.003934	0.001267
1944	1945	0.04689	0.01511
1945	1946	0.01522	0.01215
1946	1947	0.01768	0.01412
1947	1948	0.07153	0.05713
1945	1949	0.1137	0.03664
1949	1950	0.005966	0.001922
1950	1951	0.04586	0.01477
1951	1952	0.02762	0.0089
1952	1953	0.1651	0.05319
1953	1954	0.1839	0.05926
1954	1955	0.00847	0.004275
1955	1956	0.1643	0.05294
1956	1957	0.001	0.001
1957	1958	0.01415	0.004561
1958	1959	0.1775	0.0572
1959	1960	0.2596	0.08365
1960	1961	0.01015	0.003271
1961	1962	0.04774	0.01538
1962	1963	0.1352	0.04356
1963	1964	0.1985	0.06395
1964	1965	0.03483	0.01122
1965	1966	0.0317	0.01769
1966	1967	0.235	0.1311
1967	1968	0.01489	0.008308
1968	1969	0.1168	0.06517
1969	1970	0.09798	0.05468
1970	1971	0.03987	0.02225
1971	1972	0.2441	0.1357
1971	1973	0.1423	0.07944
1973	1974	0.1664	0.09286
1974	1975	0.01006	0.005617
1975	1976	0.3125	0.1744
1976	1977	0.1235	0.06889
1977	1978	0.08745	0.04881
1978	1979	0.1763	0.09837
1979	1980	0.004358	0.002422
1980	1981	0.1672	0.09296
1981	1982	0.08174	0.04562
1982	1983	0.3293	0.1838
1983	1984	0.2783	0.1553
1984	1985	0.07902	0.04338
1985	1986	0.09714	0.05332
1984	1987	0.1742	0.09721
1987	1988	0.01627	0.009078
1988	1989	0.2793	0.1559
1989	1990	0.4341	0.2422
1990	1991	0.08451	0.04716
1991	1992	0.2238	0.1249
1992	1993	0.06613	0.03691
1993	1994	0.1566	0.08742
1994	1995	0.2136	0.1192
1995	1996	0.1029	0.08215
1994	1997	0.1107	0.0618
1997	1998	0.0998	0.0557
1998	1999	0.04777	0.02622
1999	2000	0.3077	0.1689
2000	2001	0.1747	0.09588
2001	2002	0.05614	0.03133
2002	2003	0.09388	0.05239
2003	2004	0.4292	0.2395
2004	2005	0.2279	0.1272
2002	2006	0.0496	0.03961
2006	2007	0.07697	0.06147
2007	2008	0.06978	0.05573
1998	2009	0.11	0.06118
1991	2010	0.01416	0.01131
2010	2011	0.05386	0.04302
1984	2012	0.05144	0.04109
2012	2013	0.1027	0.08199
2013	2014	0.09413	0.07518
2014	2015	0.0517	0.04129
1982	2016	0.05817	0.04646
2016	2017	0.04933	0.0394
2017	2018	0.08311	0.06638
2018	2019	0.06667	0.05325
1979	2020	0.03917	0.02186
2020	2021	0.04067	0.02269
1977	2022	0.1087	0.08685
1973	2023	0.5691	0.3176
1965	2024	0.09746	0.0314
2024	2025	0.01648	0.00531
2025	2026	0.1064	0.03427
2026	2027	0.04152	0.01338
2027	2028	0.1318	0.04247
2028	2029	0.02331	0.007512
2029	2030	0.03146	0.01014
2030	2031	0.0427	0.01376
2031	2032	0.02662	0.008579
2032	2033	0.1104	0.06134
2032	2034	0.0392	0.01979
2032	2035	0.1221	0.06811
2028	2036	0.1182	0.05964
2036	2037	0.01206	0.006086
2037	2038	0.000725	0.000366
2038	2039	0.05806	0.02931
2039	2040	0.06058	0.03058
2040	2041	0.06126	0.03092
2041	2042	0.0197	0.01099
2042	2043	0.01464	0.008168
2043	2044	0.05308	0.02962
2044	2045	0.0631	0.0504
2045	2046	0.1032	0.08239
2046	2047	0.1363	0.1089
2047	2048	0.06205	0.04956
2048	2049	0.004866	0.002747
2049	2050	0.006541	0.003692
2050	2051	0.193	0.109
2041	2052	0.09545	0.04818
2052	2053	0.05903	0.02979
2053	2054	0.06388	0.03225
2054	2055	0.06744	0.03404
2055	2056	0.001	0.001
2056	2057	0.1192	0.03668
2057	2058	0.003266	0.001005
2058	2059	0.02437	0.007501
2059	2060	0.07167	0.02206
2060	2061	0.02332	0.01302
2061	2062	0.06908	0.03855
2060	2063	0.009965	0.007959
2063	2064	0.02932	0.02342
2060	2065	0.05373	0.02949
2065	2066	0.1996	0.1096
2060	2067	0.2141	0.06588
2067	2068	0.04988	0.01535
2068	2069	0.1197	0.09563
2068	2070	0.107	0.03293
2070	2071	0.0116	0.009267
2071	2072	0.008942	0.007142
2072	2073	0.006795	0.003836
2073	2074	0.006127	0.003459
2074	2075	0.03939	0.02224
2070	2076	0.09453	0.0291
2076	2077	0.004695	0.00438
2077	2078	0.4186	0.1349
2076	2079	0.05918	0.04727
2070	2080	0.005609	0.00448
2080	2081	0.0266	0.02124
2058	2082	0.08656	0.0483
2039	2083	0.005797	0.00463
2083	2084	0.01552	0.0124
2084	2085	0.03528	0.02817
2085	2086	0.01492	0.01192
2086	2087	0.2339	0.1868
2087	2088	0.09832	0.07853
2085	2089	0.06133	0.04898
2089	2090	0.1296	0.1035
2090	2091	0.06602	0.05273
2091	2092	0.09572	0.05342
2038	2093	0.006452	0.005153
2093	2094	0.007581	0.006055
2094	2095	0.007871	0.006287
2095	2096	0.006274	0.005011
2096	2097	0.1223	0.06825
2094	2098	0.03933	0.03141
2028	2099	0.01249	0.009974
2099	2100	0.05038	0.04023
2027	2101	0.03705	0.02068
2101	2102	0.06926	0.03865
2027	2103	0.05706	0.01838
2103	2104	0.09321	0.03003
2104	2105	0.0234	0.01181
2105	2106	0.002401	0.001212
2106	2107	0.0364	0.02908
2107	2108	0.2236	0.1786
2108	2109	0.1817	0.1451
2027	2110	0.01866	0.009959
2110	2111	0.02653	0.01416
1963	2112	0.04943	0.02495
1959	2113	0.02926	0.01477
2113	2114	0.01564	0.007895
1954	2115	0.01157	0.006459
2115	2116	0.001	0.001
2116	2117	0.04023	0.02245
2117	2118	0.1172	0.06541
2118	2119	0.1329	0.1061
2119	2120	0.001819	0.001453
1951	2121	0.03291	0.02628
2121	2122	0.1319	0.1054
2122	2123	0.1463	0.1169
1951	2124	0.01365	0.007618
2124	2125	0.02631	0.01468
2125	2126	0.0366	0.02043
1650	2127	0.01047	0.005846
2127	2128	0.0387	0.0216
2128	2129	0.02367	0.01321
2129	2130	0.07268	0.04056
2130	2131	0.135	0.07536
988	2132	0.01989	0.0111
988	2133	0.007316	0.009894
2133	2134	0.0195	0.02637
983	2135	0.008873	0.007087
2135	2136	0.03052	0.02438
2136	2137	0.1118	0.08926
983	2138	0.01115	0.008905
2138	2139	0.04446	0.03551
981	2140	0.02726	0.01521
2140	2141	0.1555	0.08681
981	2142	0.006821	0.005448
2142	2143	0.008177	0.006531
980	2144	0.02457	0.007918
2144	2145	0.009469	0.003051
2145	2146	0.06614	0.02131
2146	2147	0.01021	0.005696
2147	2148	0.04287	0.02392
965	2149	0.0509	0.04065
958	2150	0.01184	0.006499
2150	2151	0.01255	0.006886
2151	2152	0.01154	0.006334
2152	2153	0.1541	0.08458
2153	2154	0.1069	0.05868
2154	2155	0.04291	0.02386
2155	2156	0.08357	0.04664
2155	2157	0.1646	0.09152
2157	2158	0.001982	0.001102
2158	2159	0.1062	0.08485
2159	2160	0.09764	0.07798
2160	2161	0.06112	0.04881
2161	2162	0.107	0.08547
2162	2163	0.1037	0.08284
2163	2164	0.08218	0.06564
2164	2165	0.1063	0.08494
2165	2166	0.1164	0.09301
2157	2167	0.06842	0.05464
955	2168	0.003862	0.009038
2168	2169	0.00259	0.006061
2169	2170	0.000747	0.001747
947	2171	0.004457	0.01043
2171	2172	0.00997	0.02333
2172	2173	0.001	0.001
2173	2174	0.02355	0.0551
2174	2175	0.002997	0.007013
2175	2176	0.009246	0.007385
2176	2177	0.01834	0.01465
2177	2178	0.0119	0.009506
2175	2179	0.0238	0.0557
2179	2180	0.001753	0.004102
2180	2181	0.01859	0.04349
2181	2182	0.01869	0.04373
2182	2183	0.004062	0.009504
2183	2184	0.006252	0.004993
2184	2185	0.005449	0.004352
2185	2186	0.02094	0.01673
2186	2187	0.04487	0.03584
2187	2188	0.07905	0.06313
2185	2189	0.02312	0.01847
2189	2190	0.02133	0.01704
2183	2191	0.009314	0.02179
2191	2192	0.01081	0.006033
2192	2193	0.008336	0.004652
2193	2194	0.04823	0.02692
2191	2195	0.01424	0.03333
2195	2196	0.02408	0.01923
2196	2197	0.056	0.04472
2195	2198	0.04309	0.03441
2195	2199	0.005654	0.01323
2199	2200	0.008833	0.02067
2200	2201	0.005044	0.0118
2195	2202	0.01095	0.006111
2202	2203	0.01382	0.007711
2203	2204	0.04355	0.03478
2204	2205	0.0502	0.0401
2203	2206	0.03196	0.01784
2206	2207	0.04586	0.02559
2207	2208	0.03426	0.02736
2208	2209	0.07526	0.06011
2181	2210	0.0304	0.01669
2210	2211	0.01674	0.009191
2211	2212	0.1184	0.06498
2212	2213	0.2482	0.1363
2213	2214	0.07753	0.04256
2214	2215	0.006778	0.00372
2215	2216	0.204	0.1138
2216	2217	0.1364	0.0761
2217	2218	0.2561	0.1429
2218	2219	0.02943	0.02351
2218	2220	0.1056	0.05895
2220	2221	0.2148	0.1199
2218	2222	0.04133	0.02307
2222	2223	0.001	0.001
2223	2224	0.03893	0.02173
2224	2225	0.03871	0.0216
2225	2226	0.01917	0.0107
2226	2227	0.1489	0.08309
2225	2228	0.1849	0.1032
2228	2229	0.2266	0.1265
2229	2230	0.08386	0.0468
2230	2231	0.1604	0.08952
2231	2232	0.3135	0.1749
2232	2233	0.245	0.1367
2233	2234	0.1694	0.09453
2234	2235	0.104	0.05801
2235	2236	0.1194	0.09534
2236	2237	0.06867	0.05484
2237	2238	0.06866	0.05484
2233	2239	0.1057	0.08439
2232	2240	0.1642	0.09161
2240	2241	0.1401	0.0782
2241	2242	0.09075	0.05064
2242	2243	0.232	0.1295
2243	2244	0.004838	0.0027
2244	2245	0.1656	0.09239
2245	2246	0.1141	0.09114
2245	2247	0.03828	0.03179
2242	2248	0.08318	0.04642
2240	2249	0.06203	0.03462
2249	2250	0.1493	0.08332
2229	2251	0.2356	0.1315
2251	2252	0.05495	0.03067
2252	2253	0.004491	0.002506
2253	2254	0.02234	0.01784
2254	2255	0.06842	0.05464
2255	2256	0.06499	0.05191
2254	2257	0.05141	0.04106
2251	2258	0.03961	0.03076
2228	2259	0.1215	0.09704
2228	2260	0.01095	0.008749
2217	2261	0.1374	0.07668
2216	2262	0.09889	0.07898
2215	2263	0.09451	0.05274
2263	2264	0.07174	0.03617
2264	2265	0.08868	0.04868
2265	2266	0.05444	0.02988
2266	2267	0.1346	0.07512
2264	2268	0.1183	0.06601
2268	2269	0.06473	0.03612
2269	2270	0.07444	0.04154
2270	2271	0.1727	0.09602
2271	2272	0.1446	0.07966
2270	2273	0.3098	0.1729
2270	2274	0.1364	0.07612
2274	2275	0.04446	0.03551
2275	2276	0.05639	0.04504
2274	2277	0.1432	0.07989
2270	2278	0.03009	0.01679
2263	2279	0.0543	0.04337
2279	2280	0.08793	0.07023
2214	2281	0.1519	0.08339
2281	2282	0.01628	0.01264
2282	2283	0.08918	0.07123
2281	2284	0.005218	0.002864
2284	2285	0.1102	0.06074
2285	2286	0.09888	0.07897
2286	2287	0.03002	0.02398
2287	2288	0.04321	0.03451
2285	2289	0.1698	0.09477
2181	2290	0.009621	0.007684
2290	2291	0.005815	0.004644
2291	2292	0.06574	0.05251
2291	2293	0.1152	0.06426
923	2294	0.01066	0.005952
2294	2295	0.01386	0.007734
2295	2296	0.02419	0.0135
2296	2297	0.3225	0.18
2295	2298	0.1002	0.055
2298	2299	0.04503	0.02504
918	2300	0.02018	0.01126
2300	2301	0.05377	0.03001
2301	2302	0.1559	0.08702
2302	2303	0.09005	0.05026
2303	2304	0.21	0.1172
2302	2305	0.04929	0.03937
916	2306	0.0108	0.008622
2306	2307	0.006078	0.004854
2307	2308	0.0591	0.03298
2308	2309	0.09859	0.05502
2307	2310	0.04213	0.03365
2310	2311	0.06048	0.04831
2310	2312	0.1095	0.08743
2312	2313	0.1095	0.08743
2313	2314	0.1026	0.08196
904	2315	0.01021	0.005699
2315	2316	0.04508	0.02516
2316	2317	0.1862	0.1039
2317	2318	0.2521	0.1407
2318	2319	0.1432	0.07993
2319	2320	0.05356	0.02989
2320	2321	0.0957	0.0534
2321	2322	0.144	0.08039
2322	2323	0.05579	0.03113
2322	2324	0.2225	0.1242
2318	2325	0.02757	0.02202
2325	2326	0.06723	0.0537
895	2327	0.006164	0.00344
2327	2328	0.005928	0.003308
2328	2329	0.01939	0.01082
2329	2330	0.01205	0.006727
2330	2331	0.1322	0.07376
2331	2332	0.09607	0.05361
2332	2333	0.06978	0.05573
2333	2334	0.06978	0.05573
2332	2335	0.06069	0.03387
2335	2336	0.1818	0.1014
2336	2337	0.2928	0.1634
2337	2338	0.1166	0.06509
2338	2339	0.08187	0.04569
2339	2340	0.1159	0.06469
2340	2341	0.05178	0.0289
2341	2342	0.05952	0.03321
2342	2343	0.1742	0.09723
2343	2344	0.03225	0.02575
2344	2345	0.08618	0.06883
2345	2346	0.05158	0.0412
2343	2347	0.2122	0.1184
2347	2348	0.09306	0.04966
2343	2349	0.08495	0.06785
2341	2350	0.07493	0.05985
2337	2351	0.09037	0.07218
888	2352	0.01032	0.00824
2352	2353	0.000292	0.000233
2353	2354	0.01618	0.01293
2354	2355	0.04147	0.03312
2353	2356	0.02759	0.02204
2356	2357	0.01225	0.006835
2357	2358	0.08797	0.04909
884	2359	0.009923	0.007925
2359	2360	0.00655	0.005232
2360	2361	0.03565	0.02847
2361	2362	0.01584	0.01265
2360	2363	0.007548	0.006029
2363	2364	0.05817	0.04646
873	2365	0.005263	0.001696
2365	2366	0.001	0.001
2366	2367	0.2407	0.07756
2367	2368	0.1295	0.03984
2368	2369	0.006716	0.003791
2369	2370	0.005275	0.002978
2370	2371	0.005381	0.003037
2371	2372	0.1218	0.06874
2372	2373	0.01655	0.009344
2373	2374	0.1401	0.07908
2374	2375	0.04041	0.02281
2375	2376	0.09419	0.05317
2376	2377	0.04728	0.02669
2377	2378	0.1141	0.0644
2378	2379	0.1282	0.07239
2379	2380	0.0395	0.02229
2380	2381	0.08536	0.04818
2381	2382	0.007673	0.004331
2382	2383	0.001723	0.000973
2368	2384	0.01588	0.004888
2384	2385	0.06016	0.01852
2385	2386	0.006273	0.003541
2386	2387	0.006087	0.003436
2387	2388	0.006222	0.003512
2388	2389	0.05351	0.0302
2389	2390	0.09139	0.05159
2390	2391	0.0859	0.04848
2391	2392	0.0574	0.0324
2392	2393	0.1381	0.07797
2393	2394	0.07922	0.04472
2394	2395	0.0771	0.04352
2395	2396	0.1628	0.09187
2396	2397	0.04442	0.02507
2397	2398	0.103	0.05816
2398	2399	0.03744	0.02114
2399	2400	0.1281	0.07228
2385	2401	0.1281	0.03943
2401	2402	0.2108	0.06487
2402	2403	0.1607	0.04946
2403	2404	0.08919	0.0379
2404	2405	0.1389	0.0701
2405	2406	0.001809	0.000659
2406	2407	0.002803	0.001021
2407	2408	0.007706	0.002807
2405	2409	0.03019	0.01524
2409	2410	0.001696	0.000618
2410	2411	0.002239	0.000816
2411	2412	0.02294	0.008358
2409	2413	0.1049	0.03379
2413	2414	0.1327	0.04277
2413	2415	0.1461	0.04707
2415	2416	0.03705	0.01194
2416	2417	0.003978	0.001449
2417	2418	0.003251	0.001184
2418	2419	0.00745	0.002714
2419	2420	0.0287	0.01046
2403	2421	0.004076	0.001485
2421	2422	0.002868	0.001045
2422	2423	0.01856	0.006761
873	2424	0.03417	0.01101
835	2425	0.009464	0.005195
2425	2426	0.004092	0.002246
2426	2427	0.01087	0.005967
2427	2428	0.06689	0.05195
2428	2429	0.00068	0.000528
2428	2430	0.04496	0.03591
2430	2431	0.102	0.08146
2427	2432	0.1126	0.0618
2432	2433	0.1203	0.06601
832	2434	0.008977	0.004928
2434	2435	0.05826	0.03198
2435	2436	0.01115	0.006122
2436	2437	0.06186	0.03395
2437	2438	0.1321	0.0725
2435	2439	0.1844	0.1012
818	2440	0.009704	0.005327
2440	2441	0.1004	0.05509
806	2442	0.007061	0.00532
2442	2443	0.006115	0.004748
2443	2444	0.01073	0.008335
111	2445	0.1329	0.07418
2445	2446	0.1668	0.1332
85	2447	0.01677	0.009204
2447	2448	0.006814	0.00374
2448	2449	0.09059	0.04973
2449	2450	0.09718	0.05335
2450	2451	0.08532	0.04761
2450	2452	0.1361	0.07598
2450	2453	0.1027	0.05731
2447	2454	0.09735	0.05343
2454	2455	0.1649	0.0905
2455	2456	0.1129	0.06195
2455	2457	0.02748	0.01508
2457	2458	0.1665	0.0929
2458	2459	0.173	0.09654
2459	2460	0.1876	0.1047
2459	2461	0.1093	0.06099
2458	2462	0.1155	0.06444
83	2463	0.05545	0.04428
82	2464	0.01459	0.008009
2464	2465	0.01449	0.007953
2465	2466	0.05332	0.04259
2466	2467	0.08376	0.0669
2467	2468	0.06904	0.05514
2465	2469	0.4019	0.2206
2469	2470	0.08927	0.04982
2470	2471	0.3349	0.1869
2471	2472	0.09982	0.0557
2472	2473	0.1957	0.1092
2472	2474	0.1431	0.07984
2470	2475	0.1057	0.05898
80	2476	0.02524	0.05907
2476	2477	0.048	0.04478
2477	2478	0.08779	0.0373
2478	2479	0.06108	0.03408
2478	2480	0.1393	0.07032
2480	2481	0.1145	0.0578
2481	2482	0.06488	0.03275
2482	2483	0.003218	0.001172
2483	2484	0.002145	0.000781
2484	2485	0.02655	0.009673
2476	2486	0.01087	0.02544
2486	2487	0.00081	0.001895
2487	2488	0.004395	0.00351
2488	2489	0.03655	0.02919
2489	2490	0.004527	0.002526
2490	2491	0.1224	0.06832
2489	2492	0.2052	0.1145
2492	2493	0.176	0.09824
2493	2494	0.152	0.08485
2494	2495	0.1346	0.1075
2495	2496	0.1359	0.1085
2496	2497	0.2312	0.1847
2497	2498	0.09008	0.07195
2496	2499	0.1737	0.1387
2499	2500	0.1767	0.1411
2500	2501	0.004321	0.003451
2501	2502	0.009569	0.007642
2502	2503	0.228	0.1821
2501	2504	0.1295	0.1034
2487	2505	0.009611	0.02249
2505	2506	0.01046	0.02448
2506	2507	0.0255	0.05968
2507	2508	0.002389	0.00087
2508	2509	0.03127	0.01139
2507	2510	0.009841	0.02303
2510	2511	0.01435	0.03357
2511	2512	0.02744	0.0642
74	2513	0.1261	0.0704
2513	2514	0.1047	0.05844
72	2515	0.0056	0.002844
2515	2516	0.07459	0.03788
2516	2517	0.1015	0.05663
2517	2518	0.1235	0.06894
2518	2519	0.0739	0.04124
2519	2520	0.08269	0.06604
2519	2521	0.0649	0.03622
19	2522	0.09175	0.0512
