Total loading: 50000.0 kW, 37500.0 kVAr
Substation voltages (pu): grid1=1.07, grid2=1.07
Substation BasekV: grid1=11.5470, grid2=11.5470
δ [°]  | PSubs1 [kW]  | PSubs2 [kW]  | QSubs1 [kVAr] | QSubs2 [kVAr]
--------------------------------------------------------------------
-8.0000 | -84809.12    | 141200.57    | 91250.28     | -52469.62   
-5.0000 | -44422.36    | 97120.48     | 64022.34     | -25982.98   
-2.0000 | -2982.79     | 53696.05     | 36842.94     | 801.97      
-1.5000 | 4015.26      | 46528.31     | 32320.92     | 5287.74     
-1.0000 | 11040.58     | 39384.45     | 27804.09     | 9780.82     
-0.5000 | 18090.70     | 32263.18     | 23291.32     | 14279.33    
-0.4000 | 19503.51     | 30841.55     | 22389.15     | 15179.53    
-0.3000 | 20917.43     | 29420.99     | 21487.29     | 16080.06    
-0.2000 | 22332.31     | 28001.37     | 20585.62     | 16980.78    
-0.1000 | 23748.15     | 26582.68     | 19684.12     | 17881.70    
0.0000 | 25164.94     | 25164.94     | 18782.82     | 18782.82    
0.1000 | 26582.68     | 23748.15     | 17881.70     | 19684.12    
0.2000 | 28001.36     | 22332.31     | 16980.78     | 20585.61    
0.3000 | 29420.99     | 20917.42     | 16080.05     | 21487.29    
0.4000 | 30841.54     | 19503.50     | 15179.52     | 22389.14    
0.5000 | 32263.03     | 18090.54     | 14279.19     | 23291.18    
1.0000 | 39384.32     | 11040.45     | 9780.72      | 27804.00    
1.5000 | 46528.11     | 4015.06      | 5287.59      | 32320.77    
2.0000 | 53693.93     | -2984.99     | 800.24       | 36841.25    
5.0000 | 97119.79     | -44423.10    | -25983.29    | 64022.04    
8.0000 | 141196.36    | -84813.90    | -52472.71    | 91247.36    
0.1245 | 26933.10     | 23403.30     | 17661.96     | 19906.49    
'BFM-NL' | 28571.43     | 21428.57     | 12984.81     | 24515.19    
--------------------------------------------------------------------
δ [°]  | PSubs1 [kW]  | PGen2 [kW]   | QSubs1 [kVAr] | QGen2 [kVAr]
-------------------------------------------------------------------
0.1245 | 28916.45     | 21428.62     | 13053.55     | 24515.31    
--------------------------------------------------------------------
0.12 deg
