Total loading: 2500.0 kW, 1875.0 kVAr
Substation voltages (pu): grid1=1.07, grid2=1.07
delta  | PSubs1 [kW]  | PSubs2 [kW]  | QSubs1 [kVAr] | QSubs2 [kVAr]
--------------------------------------------------------------------
0.0    | 1259.38      | 1259.38      | 939.38       | 939.38      
0.1    | 1319.93      | 1199.13      | 734.76       | 1144.03     
0.3    | 1442.12      | 1079.73      | 325.77       | 1553.58     
0.5    | 1565.71      | 961.73       | -82.93       | 1963.40     
1.0    | 1880.76      | 672.85       | -1103.41     | 2989.11     
2.0    | 2536.88      | 121.43       | -3138.57     | 5045.21     
3.0    | 3227.52      | -394.72      | -5165.50     | 7107.03     
4.0    | 3952.45      | -875.45      | -7183.56     | 9173.93     
5.0    | 4711.46      | -1320.61     | -9192.15     | 11245.29    
10.0   | 9008.93      | -3008.39     | -19071.52    | 21646.48    
15.0   | 14118.93     | -3790.33     | -28622.57    | 32063.27    
20.0   | 20001.74     | -3660.41     | -37772.23    | 42415.48    
